1.e7	0.9774617550184882
1.013925407558814e7	0.9768418254296125
1.0280447320933102e7	0.9762051908497645
1.0423606739764009e7	0.9755514206348344
1.056875971184805e7	0.9748800741410671
1.071593399822671e7	0.9741907005564685
1.0865157746525377e7	0.9734828387332979
1.1016459496336572e7	0.9727560170219951
1.1169868184678227e7	0.9720097531068496
1.1325413151528122e7	0.9712435538437975
1.1483124145435117e7	0.9704569151007276
1.1643031329208761e7	0.9696493216006932
1.180516528568805e7	0.9688202467684862
1.1969557023590423e7	0.9679691525810269
1.2136237983442424e7	0.9670954894220609
1.230524004359261e7	0.9661986959416883
1.2476595526308686e7	0.965278198921274
1.2650337203959042e7	0.9643334131443299
1.2826498305280598e7	0.963363741273979
1.3005112521734096e7	0.9623685737376558
1.3186214013947487e7	0.9613472886197333
1.3369837418249458e7	0.9602992515627999
1.355601785329369e7	0.9592238156783456
1.3744790926775366e7	0.9581203214676659
1.393619274224144e7	0.9569880967538383
1.4130259905995337e7	0.9558264566256147
1.4327029534098295e7	0.9546347033942209
1.4526539259467814e7	0.9534121265639878
1.4728827239075013e7	0.9521580028178607
1.4933932161242539e7	0.950871596018839
1.5141893253043527e7	0.9495521572284753
1.535275028780421e7	0.9481989247435876
1.5566543592710618e7	0.9468111241524044
1.5783314056521172e7	0.9453879684113966
1.6003103137387017e7	0.9439286579441335
1.622595287078088e7	0.9424323807635058
1.6451905877536602e7	0.9408983126187591
1.6681005372000594e7	0.9393256171687803
1.691329517029647e7	0.9377134461831947
1.7148819698705416e7	0.9360609397728403
1.7387624002162512e7	0.9343672266512137
1.7629753752872046e7	0.9326314244286232
1.7875255259042364e7	0.9308526399407375
1.8124175473742362e7	0.9290299696133225
1.837656200388172e7	0.9271624998649797
1.8632463119315606e7	0.925249307549764
1.889192776207668e7	0.9232894604415902
1.9155005555735286e7	0.9212820177623633
1.9421746814890247e7	0.9192260307558299
1.9692202554791745e7	0.9171205433091585
1.9966424501097925e7	0.914964592624277
2.024446509976805e7	0.9127572099410503
2.052637752709252e7	0.9104974213143496
2.0812215699863374e7	0.9081842484470886
2.110203428568596e7	0.905816709581335
2.139588871343422e7	0.9033938204495371
2.1693835183851857e7	0.9009145952879178
2.1995930680300757e7	0.8983780479140805
2.2302232979659375e7	0.8957831928707567
2.26128006633728e7	0.8931290466376715
2.292769312865649e7	0.8904146289133359
2.32469705998565e7	0.8876389639685462
2.357069413996727e7	0.8848010820732841
2.389892566231048e7	0.8819000209985188
2.4231727942376018e7	0.8789348275943412
2.4569164629827913e7	0.8759045594457137
2.491130026067792e7	0.8728082866068223
2.5258200269627854e7	0.8696450934149867
2.5609931002584577e7	0.866414080384684
2.5966559729348723e7	0.8631143661820734
2.6328154656480197e7	0.8597450896801488
2.6694784940343246e7	0.8563054120942142
2.706652070033241e7	0.8527945191971522
2.744343303228362e7	0.8492116236134732
2.782559402207125e7	0.8455559671908
2.8213076759394713e7	0.8418268234468782
2.8605955351757452e7	0.8380235000898484
2.9004304938639924e7	0.8341453416088511
2.9408201705870617e7	0.8301917319315116
2.981772290019674e7	0.8261620971443359
3.0232946844057757e7	0.8220559082711383
3.0653952950565297e7	0.8178726841042091
3.108082173869063e7	0.813611994082055
3.151363484866476e7	0.8092734612066859
3.1952475057592142e7	0.8048567649927689
3.239742629528196e7	0.8003616444399211
3.2848573660300482e7	0.7957879010187435
3.3306003436245885e7	0.7911354016599419
3.376980310825087e7	0.7864040817352295
3.424006137971426e7	0.7815939480174876
3.47168681892656e7	0.7767050816067393
3.520031472796682e7	0.7717376408073583
3.569049345675229e7	0.766691863941026
3.618749812411277e7	0.761568072078706
3.669142378402495e7	0.7563666716740034
3.720236681413066e7	0.7510881570791196
3.7720424934170015e7	0.7457331129237126
3.8245697224669985e7	0.7403022163358423
3.8778284145894535e7	0.7347962389834816
3.931828755705771e7	0.7292160489139375
3.98658107358044e7	0.7235626121680436
4.0420958397963084e7	0.7178369941451238
4.098383671757261e7	0.7120403606943135
4.155455334718871e7	0.7061739789074064
4.213321743847288e7	0.7002392175881874
4.271993966306779e7	0.6942375473732292
4.3314832233764045e7	0.6881705404793578
4.391800892596087e7	0.6820398700534889
4.452958509942651e7	0.6758473091012954
4.5149677720361e7	0.6695947289722681
4.5778405383766174e7	0.6632840973802215
4.6415888336127795e7	0.6569174759400291
4.706224849841284e7	0.6504970172037416
4.77176094893874e7	0.6440249611818891
4.8382096649259575e7	0.6375036313387975
4.905583706365047e7	0.6309354300547356
4.973895958790067e7	0.624322833551527
5.043159487171361e7	0.6176683862832382
5.113387538414323e7	0.6109746947988666
5.184593543892911e7	0.6042444210896024
5.256791122018421e7	0.5974802754398963
5.329994080844093e7	0.5906850088084421
5.404216420705916e7	0.5838614047727464
5.479472336900281e7	0.5770122710789399
5.555776222398879e7	0.5701404308470345
5.633142670601354e7	0.5632487134908182
5.7115864781264335e7	0.556339945420384
5.791122647641757e7	0.5494169406054142
5.871766390733264e7	0.5424824910860695
5.9535331308143705e7	0.5355393575284862
6.036438506075862e7	0.5285902599305209
6.1204983724767e7	0.5216378685930005
6.205728806776501e7	0.5146847954788284
6.292146109610352e7	0.5077335860908805
6.3797668086062826e7	0.5007867120047271
6.4686076615463234e7	0.4938465641975445
6.5586856595714346e7	0.4869154473171473
6.6500180304311186e7	0.4799955750361538
6.742622241778348e7	0.4730890666342818
6.836516004510237e7	0.46619794494744005
6.9317172761554e7	0.4593241358143176
7.028244264308356e7	0.452469469139839
7.126115430111744e7	0.4456356816793694
7.22534949178722e7	0.43882442162801083
7.325965428215228e7	0.432037255074784
7.427982482564911e7	0.42527567435269314
7.531420165974377e7	0.41854110828132685
7.636298261282244e7	0.41183493425981066
7.742636826811276e7	0.4051584921236404
7.850456200204514e7	0.3985130996305169
7.959777002314976e7	0.39190006938675587
8.070620141149504e7	0.38532072696943653
8.183006815867394e7	0.3787764299393612
8.296958520834917e7	0.37226858737843527
8.412497049736118e7	0.3657986795225639
8.529644499741013e7	0.35936827700001883
8.648423275731729e7	0.35297905912727146
8.768856094587424e7	0.3466328306604933
8.890965989529164e7	0.34033153635575075
9.014776314524914e7	0.3340772726558398
9.14031074875622e7	0.3278722957994412
9.267593301146887e7	0.3217190256434402
9.396648314954688e7	0.31562004450350756
9.527500472427298e7	0.30957809035585604
9.660174799522644e7	0.30359604380697647
9.794696670695382e7	0.29767690833147636
9.931091813749796e7	0.29182378340322307
1.0069386314760298e8	0.286039830303687
1.0209606623060471e8	0.28032823058460427
1.0351779556301762e8	0.2746921373906564
1.0495932305582263e8	0.26913462010847555
1.0642092440647222e8	0.2636586031006483
1.0790287915161854e8	0.2582667995994236
1.0940547072057436e8	0.25296164217066897
1.1092898648952225e8	0.24774521150213125
1.1247371783647512e8	0.24261916561166458
1.1403996019700311e8	0.23758467189465496
1.1562801312073778e8	0.2326423447203371
1.1723818032866e8	0.22779219152293276
1.1887076977119035e8	0.22303357049707243
1.2052609368708418e8	0.218365163072545
1.222044686631486e8	0.21378496429138055
1.2390621569479182e8	0.20929029401463695
1.2563166024741219e8	0.2048778315302583
1.2738113231864785e8	0.2005436755957448
1.2915496650148824e8	0.19628343122136127
1.3095350204826647e8	0.1920923235734595
1.3277708293554312e8	0.18796533825895345
1.346260579298911e8	0.1838973859550872
1.3650078065460142e8	0.17988348790379313
1.3840160965731302e8	0.17591897723835398
1.4032890847858712e8	0.17199970951527635
1.4228304572143552e8	0.16812227426028614
1.4426439512181586e8	0.16428419790010795
1.4627333562011296e8	0.16048412724904668
1.483102514336103e8	0.1567219818722474
1.5037553212997347e8	0.15299906328285962
1.524695727017576e8	0.1493181091772339
1.545927736419478e8	0.1456832818886593
1.5674554102055946e8	0.14210008204704314
1.5892828656229767e8	0.13857518113844125
1.611414277253017e8	0.13511617028595257
1.6338538778098634e8	0.13173122709045695
1.6566059589499146e8	0.12842870766571635
1.679674872092653e8	0.12521667688689603
1.7030650292528436e8	0.12210239606389083
1.7267809038843533e8	0.11909179337119878
1.7508270317357266e8	0.11618894795266606
1.7752080117176357e8	0.11339562312824042
1.7999285067824757e8	0.11071088697513609
1.8249932448161507e8	0.10813085913256462
1.8504070195422983e8	0.10564862042563439
1.8761746914391235e8	0.10325431635530212
1.902301188668946e8	0.10093547636160174
1.9287915080207777e8	0.09867755798913923
1.9556507158659464e8	0.09646470893435277
1.9828839491270682e8	0.09428072108842256
2.0104964162605006e8	0.09211013018365716
2.0384933982524636e8	0.0899393940236363
2.0668802496290827e8	0.08775806344814169
2.09566239948043e8	0.08555984539067249
2.1248453524988794e8	0.08334344903426211
2.1544346900318867e8	0.08111310650942995
2.1844360711494294e8	0.07887867082813008
2.214855233726359e8	0.07665521716539381
2.2456979955397713e8	0.07446210953598208
2.2769702553816754e8	0.07232154236819135
2.308677994187173e8	0.07025662283821091
2.3408272761782938e8	0.06828912072631851
2.3734242500238663e8	0.0664370719085375
2.4064751500154215e8	0.06471247189768146
2.4399862972595453e8	0.06311932875684372
2.473964100886816e8	0.061652351931957394
2.5084150592775407e8	0.06029652801828033
2.5433457613046485e8	0.05902777169131928
2.5787628875937977e8	0.05781473950372368
2.6146732118010867e8	0.056621760727206455
2.6510836019085413e8	0.05541268374956426
2.6880010215376085e8	0.05415527578979269
2.725432531281029e8	0.05282567031245705
2.763385290053167e8	0.051412256307787854
2.801866556459189e8	0.049918372454670214
2.8408836901833063e8	0.04836322875385587
2.880444153396298e8	0.04678064091869269
2.920555512182745e8	0.04521542683592483
2.9612254379880327e8	0.04371765980104935
3.002461709085542e8	0.04233536009063569
3.0442722120643055e8	0.04110657641845751
3.0866649433372754e8	0.04005209082817646
3.12964801067075e8	0.03917010086525126
3.1732296347349733e8	0.03843412913075234
3.2174181506763774e8	0.03779504791624364
3.262222009711675e8	0.037187494288318676
3.307649780744245e8	0.03654015208363109
3.353710152002928e8	0.03578851238211603
3.400411932703704e8	0.034887961212247146
3.447764054734471e8	0.033824573782931265
3.4957755743632793e8	0.03262099494944884
3.544455673970435e8	0.03133537071392178
3.5938136638046265e8	0.030052471430480683
3.643858983763542e8	0.028867776886513426
3.694601205199309e8	0.02786708802811948
3.7460500327489954e8	0.02710577993951064
3.798215306190738e8	0.02659265827294966
3.8511070023255706e8	0.02628313318107783
3.904735236885557e8	0.026084881822499503
3.959110266468468e8	0.025876444185637316
4.0142424904993254e8	0.02553577031250719
4.07014245321944e8	0.024972430741948944
4.1268208457029533e8	0.024155022741112003
4.1842885079015756e8	0.023125182802098448
4.2425564307177854e8	0.02199208079649627
4.3016357581068015e8	0.020906157398063216
4.3615377892080045e8	0.020017160926744562
4.422273980505897e8	0.01942748095991617
4.4838559480211824e8	0.01915525579135608
4.546295469532411e8	0.01912095701003299
4.60960448682844e8	0.019165409931613413
4.6737951079924655e8	0.019097439889101203
4.7388796097176534e8	0.01875827110999384
4.804870439655125e8	0.018081393529788572
4.87178021879464e8	0.017124762423621133
4.939621743878326e8	0.016059137254249907
5.0084079898482126e8	0.015111218739779324
5.0781521123276705e8	0.014478509825306476
5.1488674501374876e8	0.014247377536884258
5.220567527846986e8	0.014349386102921413
5.2932660583605653e8	0.014579610925955678
5.366976945540474e8	0.014676393396478747
5.441714286865885e8	0.014433638882242717
5.517492376129115e8	0.013797210292271317
5.59432570616939e8	0.012897753533047417
5.672228971644553e8	0.01199710855139344
5.751217071841615e8	0.011366127289779863
5.831305113526218e8	0.01114959509904159
5.912508413831869e8	0.011287783329599838
5.994842503189423e8	0.011541729280495927
6.078323128297235e8	0.011616956799209599
6.162966255132942e8	0.011323564672184627
6.248788072006892e8	0.010682926462536999
6.33580499265824e8	0.009914614924943289
6.424033659394206e8	0.009304927508090468
6.513490946272812e8	0.009033254685255775
6.604193962330304e8	0.009065484095954514
6.696160054853213e8	0.009186100527708895
6.789406812696097e8	0.009149644882730996
6.883952069645506e8	0.008847081352160798
6.979813907830664e8	0.008367934668100664
7.07701066118189e8	0.00791430323358302
7.175560918936921e8	0.0076376577218503355
7.27548352919622e8	0.007532534616719669
7.376797602527747e8	0.007472890182205966
7.479522515621833e8	0.007348867438102181
7.583677914997191e8	0.007166019258165433
7.689283720758306e8	0.007004446113967284
7.796360130405219e8	0.006883670838616053
7.904927622696438e8	0.006696929038541755
8.015006961565417e8	0.006323697468196547
8.126619200091949e8	0.005824235069759246
8.239785684528508e8	0.005475357670024338
8.354528058382854e8	0.005526236626596853
8.470868266557422e8	0.005876387393251347
8.588828559546261e8	0.006060712131677393
8.70843149769072e8	0.005677274070098661
8.829699955494082e8	0.004876058776354569
8.952657125996382e8	0.004319860235768099
9.077326525210246e8	0.0045132721206699
9.203731996618232e8	0.005169753904072903
9.331897715733241e8	0.005419596190818535
9.46184819472199e8	0.00477972539978597
9.593608287093127e8	0.0037997653994540507
9.72720319245056e8	0.003496188284799541
9.86265846131283e8	0.004120864849576717
1.e9	0.004789167218448919
1.0139254075588146e9	0.0045548601392978805
1.0280447320933077e9	0.0036223174922413895
1.0423606739764028e9	0.0030725841706143375
1.0568759711848054e9	0.0034257914902774238
1.0715933998226712e9	0.003999243463431663
1.086515774652538e9	0.00391560791449523
1.1016459496336553e9	0.0032604207562166665
1.1169868184678254e9	0.0027915616534450243
1.1325413151528127e9	0.0028572709665610173
1.148312414543511e9	0.003158884591732623
1.1643031329208755e9	0.0033386930601484108
1.180516528568803e9	0.003237400675458484
1.1969557023590457e9	0.0028292258784860403
1.2136237983442419e9	0.002443633848598954
1.230524004359261e9	0.0025981442714756507
1.2476595526308682e9	0.0030506458836002705
1.265033720395901e9	0.0028630591045674756
1.282649830528062e9	0.0020834054686306855
1.3005112521734097e9	0.0019699434626593206
1.3186214013947487e9	0.002690857319603571
1.3369837418249447e9	0.0028273597824421733
1.355601785329366e9	0.002077424984281579
1.3744790926775398e9	0.00179104186923661
1.393619274224144e9	0.002200680842459777
1.4130259905995333e9	0.002262391587785834
1.4327029534098291e9	0.0020025871353932545
1.4526539259467778e9	0.0019183158090891235
1.472882723907505e9	0.0017274241045835683
1.4933932161242528e9	0.001727250150547097
1.514189325304352e9	0.002208230278035397
1.535275028780422e9	0.00201779058703122
1.556654359271058e9	0.0012780065523352881
1.5783314056521192e9	0.0016022175829181026
1.6003103137387013e9	0.0020901705192779645
1.622595287078087e9	0.0013971551253071552
1.6451905877536612e9	0.0010576379514996102
1.6681005372000551e9	0.001669860904081548
1.691329517029651e9	0.0017648453380023701
1.7148819698705409e9	0.0011949286435241977
1.7387624002162511e9	0.0010938080678703714
1.7629753752872045e9	0.0017848064444611585
1.7875255259042318e9	0.0016628917996675643
1.81241754737424e9	0.0007458457217623205
1.8376562003881726e9	0.0013357043996898275
1.8632463119315603e9	0.0016850321741564108
1.8891927762076645e9	0.0007955440037073725
1.9155005555735242e9	0.001119218003719055
1.9421746814890287e9	0.0013110126843366584
1.9692202554791727e9	0.0009957986770691126
1.996642450109794e9	0.0009761155147618597
2.024446509976802e9	0.0009164485305133825
2.0526377527092485e9	0.0012843414137280237
2.0812215699863427e9	0.0008723540315406705
2.1102034285685964e9	0.0007372800326037536
2.1395888713434217e9	0.001162996157245863
2.169383518385183e9	0.0009004963585464419
2.1995930680300703e9	0.0006840947769531254
2.230223297965942e9	0.001308447648978051
2.26128006633728e9	0.0008409295016228894
2.2927693128656487e9	0.0005926692080729617
2.324697059985645e9	0.00126946939009973
2.3570694139967227e9	0.0005302009290895544
2.389892566231054e9	0.0007617085180697709
2.4231727942376018e9	0.0011232010965075438
2.456916462982789e9	0.0006279632630424904
2.4911300260677867e9	0.0006463079568417113
2.5258200269627786e9	0.0010267386694622867
2.5609931002584615e9	0.00040876224900274026
2.5966559729348736e9	0.0010125741319400826
2.632815465648019e9	0.000670109801145237
2.6694784940343175e9	0.0005037066548855979
2.7066520700332346e9	0.0007420877222764307
2.7443433032283688e9	0.0006246793494780813
2.782559402207125e9	0.0004674917931072907
2.8213076759394703e9	0.0009863492741070325
2.860595535175738e9	0.00038023950055869426
2.900430493863985e9	0.000897844011174046
2.9408201705870667e9	0.0005791533189657328
2.9817722900196743e9	0.0005402928034635859
3.023294684405777e9	0.0006053751684320425
3.0653952950565243e9	0.0003000214171613616
3.108082173869057e9	0.0006631360870527235
3.1513634848664837e9	0.00033168538498976887
3.1952475057592144e9	0.0005694464308885087
3.2397426295281963e9	0.0005049319172072163
3.284857366030039e9	0.00044994654855975443
3.3306003436245956e9	0.0005293088678847115
3.376980310825096e9	0.00026839729182561784
3.4240061379714265e9	0.0008673760620077097
3.4716868189265594e9	0.00024195583621214748
3.520031472796676e9	0.000774947873334856
3.569049345675238e9	0.0002842004324043689
3.618749812411285e9	0.0006449637381400515
3.669142378402495e9	0.0003474601622764258
3.7202366814130654e9	0.0005845665788694118
3.772042493416993e9	0.00027963357641368067
3.824569722467009e9	0.000655644094250056
3.877828414589462e9	0.00020547952090641116
3.9318287557057705e9	0.000327013115062214
3.9865810735804386e9	0.0005067746144153487
4.0420958397963014e9	0.00033886302255202623
4.0983836717572694e9	0.00036388324172838336
4.1554553347188783e9	0.0006611202457778954
4.2133217438472896e9	0.00012019218013753276
4.2719939663067775e9	0.0006096103049851348
4.331483223376394e9	0.00016813275640918554
4.391800892596095e9	0.00040464753245694394
4.452958509942659e9	0.00022038223412347083
4.514967772036102e9	0.0005703336445575235
4.5778405383766165e9	0.00025414565329778805
4.641588833612773e9	0.0004535660538556754
4.706224849841292e9	0.0003232366747834411
4.77176094893875e9	0.00026256378193297865
4.83820966492596e9	0.0006970991135132924
4.9055837063650465e9	0.00027523221825576463
4.973895958790056e9	0.00048466859793882216
5.0431594871713705e9	0.0003471537667071279
5.113387538414332e9	0.0002624955149105325
5.184593543892914e9	0.0005256384386610592
5.256791122018418e9	0.00020347312973397004
5.329994080844085e9	0.0005033084285447328
5.404216420705929e9	0.0004924519473629735
5.479472336900295e9	0.0002877766524959576
5.55577622239888e9	0.0005648725744219723
5.633142670601351e9	0.0003253188135106826
5.711586478126421e9	0.0003942073444469965
5.79112264764177e9	0.0005213255314586556
5.871766390733261e9	0.00026828150194679526
5.953533130814373e9	0.00023216002662444503
6.036438506075867e9	0.00044303464574815024
6.120498372476688e9	0.0006082174974813561
6.205728806776516e9	0.00018848071354775938
6.292146109610352e9	0.00038618106223410175
6.379766808606281e9	0.0005776715347822254
6.468607661546323e9	0.00016906434742030573
6.558685659571424e9	0.000335736659560293
6.650018030431134e9	0.0005151999129119956
6.742622241778351e9	0.0003810089953869723
6.836516004510239e9	0.0002302692966712638
6.931717276155399e9	0.00038498593837521354
7.028244264308336e9	0.0005695078779991668
7.126115430111759e9	0.000527220012981489
7.22534949178722e9	0.00036000491335208025
7.32596542821523e9	0.0003899693578424632
7.427982482564911e9	0.0006996086578502161
7.531420165974362e9	0.0005418674018896605
7.636298261282257e9	0.0004057616452375639
7.742636826811278e9	0.0005078758770351346
7.850456200204511e9	0.0002865744075594802
7.959777002314976e9	0.0005687622073544993
8.070620141149494e9	0.0005715802391629183
8.183006815867405e9	0.0004608741953609004
8.296958520834912e9	0.0005894303535942935
8.412497049736116e9	0.00030462212232309913
8.529644499741016e9	0.0004048043988036476
8.64842327573171e9	0.000453244290559104
8.768856094587444e9	0.0009765452139437923
8.890965989529173e9	0.0005018341313181384
9.014776314524916e9	0.0005472455476753198
9.140310748756224e9	0.00025334575686113765
9.267593301146862e9	0.0004475493845591447
9.39664831495471e9	0.0004834385889057591
9.527500472427305e9	0.0005356021657472254
9.660174799522646e9	0.00044885384931884673
9.794696670695385e9	0.0006373572871320639
9.931091813749784e9	0.0006097195336679541
1.0069386314760288e10	0.00041661036157570794
1.0209606623060478e10	0.0005592648508895048
1.035177955630176e10	0.0006278554779900409
1.0495932305582268e10	0.0006193316183097756
1.064209244064722e10	0.0006010749562547213
1.0790287915161863e10	0.0006681501032880019
1.0940547072057436e10	0.0005241620974038716
1.1092898648952232e10	0.0006629083754444939
1.1247371783647514e10	0.0005925905396940982
1.140399601970031e10	0.00041662097876516563
1.1562801312073784e10	0.00037883140074488296
1.1723818032865997e10	0.0006039067652358366
1.1887076977119028e10	0.0005335113091539911
1.2052609368708412e10	0.0005052275395299991
1.2220446866314857e10	0.0007569851918382531
1.2390621569479187e10	0.0008317344401640209
1.2563166024741213e10	0.000562443777977087
1.273811323186478e10	0.0007644457388652362
1.2915496650148832e10	0.000865755200860844
1.3095350204826654e10	0.0008237420728059227
1.3277708293554321e10	0.0007089091697591757
1.3462605792989107e10	0.0006812124830443302
1.3650078065460144e10	0.000569594601717088
1.38401609657313e10	0.000931373934424643
1.4032890847858704e10	0.0011041618177123648
1.4228304572143553e10	0.0006749279303081882
1.4426439512181587e10	0.000698667393264525
1.4627333562011295e10	0.0008392172457652557
1.4831025143361027e10	0.000889929801052692
1.5037553212997349e10	0.0008802507180527688
1.524695727017576e10	0.0006108701010872135
1.5459277364194788e10	0.0007753934888809198
1.5674554102055948e10	0.001041676962057299
1.5892828656229761e10	0.0009856453082376967
1.6114142772530159e10	0.0006660702975484523
1.6338538778098637e10	0.0007434909826351975
1.656605958949915e10	0.0009270155789849
1.6796748720926533e10	0.0010726704249910419
1.7030650292528437e10	0.0009658601511670153
1.7267809038843525e10	0.001095376014606005
1.7508270317357277e10	0.001048512014749922
1.775208011717637e10	0.001256615416807113
1.7999285067824764e10	0.0010737804771218061
1.8249932448161503e10	0.0008276788077786145
1.850407019542298e10	0.0009790787978169583
1.8761746914391235e10	0.0009803059975980646
1.9023011886689457e10	0.0009088272441228947
1.928791508020777e10	0.00112687431963762
1.955650715865948e10	0.0010539950992941064
1.9828839491270676e10	0.0008682648321537057
2.0104964162605007e10	0.0010289179784290796
2.0384933982524654e10	0.0011869941367028617
2.066880249629083e10	0.0008282199697406258
2.0956623994804317e10	0.0016020962149048035
2.1248453524988777e10	0.0017454771145762457
2.1544346900318863e10	0.0013656274783338737
2.184436071149428e10	0.002220199676356153
2.2148552337263596e10	0.0014812791680541256
2.2456979955397713e10	0.0009136058364671254
2.2769702553816757e10	0.0014242807352154276
2.308677994187171e10	0.0014739540887580241
2.3408272761782955e10	0.001061628869363744
2.3734242500238655e10	0.0013232940268759633
2.406475150015422e10	0.0019855810927561115
2.439986297259546e10	0.0012381722500321643
2.4739641008868168e10	0.0011579144896044146
2.5084150592775406e10	0.002072649032550349
2.5433457613046494e10	0.0015370220376741612
2.578762887593799e10	0.001514446275160117
2.6146732118010868e10	0.0012694550100504764
2.6510836019085403e10	0.0018870808098006304
2.6880010215376083e10	0.0016180263311945508
2.7254325312810287e10	0.001206028194051931
2.7633852900531673e10	0.001987697422596662
2.8018665564591908e10	0.0012527593945254956
2.840883690183307e10	0.0023251622021654202
2.8804441533962967e10	0.0012421075221520177
2.920555512182745e10	0.0014894195128743746
2.9612254379880318e10	0.0019265235735162673
3.0024617090855427e10	0.0017775036841656525
3.0442722120643063e10	0.0020766857836523275
3.0866649433372757e10	0.0014955940168874977
3.1296480106707516e10	0.0019174592833682978
3.173229634734973e10	0.0017261286958090124
3.217418150676379e10	0.0023110681945726886
3.2622220097116737e10	0.0021964037666223424
3.307649780744243e10	0.0016704511314345493
3.3537101520029293e10	0.0020584125129986344
3.4004119327037025e10	0.0017665391005684803
3.447764054734472e10	0.0014988359993921571
3.4957755743632805e10	0.002397002605103365
3.544455673970435e10	0.002405230466797496
3.593813663804626e10	0.0016456151254060428
3.643858983763539e10	0.002387243198294609
3.694601205199312e10	0.001868603369214322
3.746050032748998e10	0.0017062618926137925
3.798215306190736e10	0.001607504481599126
3.85110700232557e10	0.0013961275774609988
3.904735236885558e10	0.002636547530039102
3.9591102664684685e10	0.0024868931637365105
4.014242490499328e10	0.0022485619919046743
4.0701424532194374e10	0.0018255795961060522
4.126820845702953e10	0.0024639877625697425
4.1842885079015755e10	0.0016365156647401577
4.242556430717786e10	0.0017202411717394468
4.301635758106799e10	0.0014571929488128173
4.361537789208007e10	0.002240410246612093
4.422273980505897e10	0.0020908745329673217
4.483855948021181e10	0.002283403283290661
4.54629546953241e10	0.0019702445388805204
4.609604486828439e10	0.002462967852353248
4.673795107992465e10	0.001609200721989122
4.738879609717651e10	0.001755565986259342
4.804870439655126e10	0.0023354844558775385
4.871780218794641e10	0.0022905806426244467
4.939621743878323e10	0.001611429656939762
5.008407989848215e10	0.001520675818025031
5.0781521123276726e10	0.00255285576147338
5.148867450137488e10	0.002853765022856403
5.220567527846986e10	0.0026720361615907226
5.293266058360568e10	0.0017835113411065957
5.3669769455404785e10	0.002621731350974894
5.4417142868658905e10	0.001980302815493818
5.517492376129117e10	0.0028953690201953216
5.594325706169388e10	0.003181695481262839
5.6722289716445526e10	0.002557688176613555
5.751217071841614e10	0.0027903368249424213
5.83130511352622e10	0.0035349560992472117
5.9125084138318695e10	0.0023527032975083993
5.99484250318942e10	0.002632542643170385
6.078323128297239e10	0.0019060134644965237
6.162966255132944e10	0.0021882057098096745
6.248788072006886e10	0.002855828348193425
6.335804992658243e10	0.0015833481241127392
6.424033659394205e10	0.0013699945314003146
6.51349094627281e10	0.002233550452069538
6.6041939623303055e10	0.001411738173422165
6.696160054853216e10	0.0029393000587549746
6.789406812696097e10	0.001554211874864145
6.88395206964551e10	0.0019804824636413284
6.979813907830666e10	0.002143690356330709
7.077010661181888e10	0.0019351397929660262
7.175560918936922e10	0.0015762870548077998
7.275483529196217e10	0.0027959120623614136
7.376797602527744e10	0.002148490029799803
7.479522515621828e10	0.003825751232563776
7.583677914997191e10	0.004384168832769294
7.689283720758304e10	0.002379050162979329
7.796360130405223e10	0.003470057743674893
7.904927622696437e10	0.0027094794492215756
8.015006961565411e10	0.002773976075780362
8.126619200091945e10	0.0024656474068575924
8.239785684528514e10	0.0028221856179535226
8.354528058382855e10	0.0024504726911011004
8.470868266557422e10	0.002906255773439182
8.588828559546263e10	0.0024222647733666922
8.708431497690724e10	0.002893293307678386
8.829699955494086e10	0.0019422189988182585
8.952657125996385e10	0.0021178775707416035
9.077326525210248e10	0.002436883334407749
9.203731996618231e10	0.0027045388902670275
9.331897715733234e10	0.0026648820613568588
9.461848194721997e10	0.0018013824357929317
9.593608287093123e10	0.0022541781693182278
9.727203192450562e10	0.002287452141229466
9.862658461312836e10	0.0027648201430850888
1.e11	0.0022107989091297423
1.0139254075588141e11	0.0021888327920950097
1.0280447320933081e11	0.0017144841562252528
1.0423606739764038e11	0.0016608926322462842
1.0568759711848048e11	0.0032019278922584995
1.071593399822671e11	0.002306239491637192
1.086515774652537e11	0.002631590161352128
1.1016459496336546e11	0.002129171748943792
1.116986818467825e11	0.00231811687060903
1.1325413151528128e11	0.002509174243468213
1.148312414543511e11	0.0022761573936165517
1.1643031329208759e11	0.0027613660719347736
1.1805165285688036e11	0.0020391972411288807
1.1969557023590453e11	0.003029219183949418
1.2136237983442415e11	0.0022480535017876846
1.2305240043592622e11	0.0014702126436015575
1.247659552630869e11	0.002674923290134648
1.2650337203959015e11	0.0030586241308186105
1.2826498305280621e11	0.002381134741466988
1.30051125217341e11	0.0018817403994875388
1.3186214013947481e11	0.0017798380611745537
1.3369837418249458e11	0.0016888946902876877
1.3556017853293658e11	0.0023046244208453966
1.3744790926775394e11	0.002094044246280732
1.393619274224144e11	0.003581113134660747
1.4130259905995334e11	0.004071388376778566
1.4327029534098294e11	0.0021644701874430224
1.452653925946778e11	0.0028592915188920503
1.472882723907505e11	0.002625750978366578
1.4933932161242532e11	0.002315101608978088
1.514189325304352e11	0.002479281681823024
1.5352750287804205e11	0.0016264248318530118
1.5566543592710593e11	0.002737826860957374
1.5783314056521194e11	0.0030738010145911787
1.6003103137387015e11	0.0019931660081665982
1.6225952870780865e11	0.00217023746264872
1.6451905877536618e11	0.0032369932208975542
1.6681005372000552e11	0.0028267449274411278
1.69132951702965e11	0.0011636181122474814
1.7148819698705417e11	0.0031137934922207348
1.7387624002162503e11	0.002214356061010259
1.7629753752872037e11	0.0018071182022793694
1.7875255259042322e11	0.002061327857104686
1.812417547374239e11	0.0023311255615362093
1.8376562003881726e11	0.0027836064685360933
1.8632463119315588e11	0.002541599250601975
1.8891927762076648e11	0.0024378888793039695
1.9155005555735242e11	0.0024376695804104957
1.9421746814890283e11	0.0035706927236024
1.9692202554791745e11	0.0032445268347472273
1.9966424501097937e11	0.0019762129851231907
2.0244465099768018e11	0.002413799729887146
2.052637752709248e11	0.003266131684990286
2.0812215699863425e11	0.0022314258736575625
2.1102034285685974e11	0.00210078088562783
2.1395888713434225e11	0.002664056543491527
2.169383518385182e11	0.00244935792046966
2.1995930680300696e11	0.0018954196103226494
2.2302232979659415e11	0.002641315640634168
2.26128006633728e11	0.002430471335957348
2.292769312865649e11	0.00320891989268972
2.324697059985645e11	0.0026552295448151217
2.3570694139967233e11	0.003327463349906723
2.3898925662310538e11	0.002829126409091765
2.4231727942376013e11	0.00174116332576705
2.4569164629827896e11	0.002907286320675115
2.491130026067787e11	0.0023041212488710927
2.5258200269627795e11	0.0026145910771754994
2.560993100258462e11	0.00274629342739024
2.5966559729348727e11	0.0024140098582128484
2.6328154656480188e11	0.002977377767351158
2.6694784940343176e11	0.00259265044353444
2.706652070033236e11	0.0022263136319820662
2.7443433032283688e11	0.0032521914401739275
2.782559402207126e11	0.003262986647571036
2.821307675939472e11	0.0021703403904559404
2.860595535175739e11	0.0032514853185819795
2.900430493863985e11	0.001875093852128095
2.940820170587067e11	0.002071160282757662
2.9817722900196747e11	0.0035415366326553353
3.0232946844057776e11	0.002509289932195393
3.0653952950565234e11	0.00187090184454802
3.108082173869059e11	0.001989137484167813
3.151363484866484e11	0.0021405186325407183
3.195247505759215e11	0.0034829039185700766
3.2397426295281946e11	0.0017821847759793442
3.2848573660300397e11	0.0025887449019980006
3.330600343624597e11	0.0021002255253415552
3.376980310825095e11	0.0034241922765580936
3.424006137971426e11	0.0037955860545204265
3.47168681892656e11	0.001951547949051355
3.520031472796677e11	0.002231787535063604
3.5690493456752356e11	0.00188460205706994
3.6187498124112866e11	0.002597491000805903
3.6691423784024927e11	0.0024231190969590008
3.7202366814130664e11	0.0029032635827808293
3.772042493416993e11	0.00206573422579481
3.824569722467009e11	0.0024890975184126743
3.877828414589463e11	0.0023421571900879286
3.9318287557057715e11	0.0023284203424318232
3.9865810735804395e11	0.00276347387921305
4.042095839796301e11	0.002859023316667021
4.098383671757268e11	0.0036177763940222415
4.155455334718878e11	0.0028106929807262
4.2133217438472876e11	0.0025634248922751465
4.2719939663067773e11	0.0021655323998998038
4.331483223376396e11	0.002657129868479395
4.3918008925960944e11	0.001268739902133283
4.4529585099426587e11	0.0028620861869141007
4.514967772036103e11	0.002182657772966692
4.5778405383766187e11	0.0020740332403103344
4.641588833612773e11	0.0023779915005015966
4.70622484984129e11	0.0033642993264431003
4.771760948938751e11	0.001798051733866541
4.838209664925957e11	0.0018627535117113768
4.9055837063650464e11	0.00476251924034597
4.973895958790058e11	0.002913739468356036
5.0431594871713684e11	0.002827990893109206
5.113387538414334e11	0.0029760320347984887
5.1845935438929126e11	0.0028751294957688744
5.256791122018419e11	0.0022593623926238458
5.329994080844082e11	0.0033482195423416338
5.404216420705926e11	0.002130882636151746
5.4794723369002924e11	0.002857656012385884
5.555776222398881e11	0.002177462433069629
5.63314267060135e11	0.0020492968602388753
5.711586478126425e11	0.0038688680171554846
5.791122647641771e11	0.0017508642424916426
5.871766390733262e11	0.0026578578713654776
5.953533130814374e11	0.0020949297551568716
6.036438506075862e11	0.002341305706459012
6.120498372476693e11	0.0026953522355393925
6.205728806776516e11	0.00298694113113972
6.29214610961035e11	0.0023770606573921883
6.379766808606283e11	0.0037146255685185496
6.468607661546322e11	0.002907493957504387
6.558685659571425e11	0.002458486135901184
6.650018030431133e11	0.0021573284023495664
6.742622241778346e11	0.0028160854639047643
6.836516004510237e11	0.0033723236361478206
6.931717276155397e11	0.002625495816185852
7.02824426430834e11	0.0016883581080559308
7.126115430111759e11	0.0027830264214825516
7.225349491787225e11	0.0016461855894460767
7.325965428215233e11	0.0021597676583098367
7.427982482564907e11	0.002342707592728067
7.531420165974358e11	0.0030904074014574032
7.636298261282261e11	0.001716386209103538
7.742636826811274e11	0.002602544819940248
7.850456200204512e11	0.002054052229734586
7.95977700231498e11	0.0019765962212248416
8.070620141149492e11	0.0025253795166901606
8.183006815867404e11	0.002299072797139949
8.296958520834917e11	0.0018850504672180144
8.412497049736116e11	0.0019492296148784487
8.529644499741017e11	0.002906658822084629
8.648423275731714e11	0.0025651208335182533
8.768856094587443e11	0.002569526452103887
8.890965989529165e11	0.0026547093539484746
9.014776314524921e11	0.002383272898007094
9.140310748756227e11	0.0030131357675287646
9.267593301146862e11	0.003474806926014271
9.39664831495471e11	0.0022145964259718677
9.527500472427303e11	0.0026240196380273757
9.660174799522643e11	0.003851220528464944
9.79469667069539e11	0.0021349502320412266
9.931091813749781e11	0.002158298627330929
1.0069386314760289e12	0.002624712098561516
1.0209606623060474e12	0.0027272604227195994
1.035177955630176e12	0.002443225519327751
1.0495932305582268e12	0.002451250660443799
1.0642092440647225e12	0.002097025872344924
1.079028791516186e12	0.0026522398559760897
1.0940547072057437e12	0.0029172979083987418
1.1092898648952227e12	0.002554095414988101
1.1247371783647505e12	0.003132015631650856
1.140399601970031e12	0.0014936182132120916
1.1562801312073777e12	0.0021836784379964526
1.1723818032866003e12	0.002876937313025598
1.1887076977119028e12	0.0035121446554158588
1.2052609368708413e12	0.002785151615014849
1.2220446866314858e12	0.002125162244416504
1.2390621569479182e12	0.0020814443910050716
1.2563166024741213e12	0.0018729843661200057
1.2738113231864783e12	0.0028763268312007647
1.2915496650148828e12	0.002000473953474705
1.3095350204826646e12	0.0028689374354802116
1.3277708293554326e12	0.002680205198166214
1.3462605792989106e12	0.002928570488249216
1.3650078065460146e12	0.002550940201865576
1.38401609657313e12	0.0027404325711704713
1.4032890847858708e12	0.0023966959226354666
1.4228304572143552e12	0.0030992812033244703
1.4426439512181592e12	0.0017457394267433861
1.4627333562011294e12	0.0034314315379511046
1.4831025143361025e12	0.002399746957940913
1.5037553212997349e12	0.0025302800305145
1.5246957270175771e12	0.002036747563335727
1.5459277364194778e12	0.00309758699304777
1.5674554102055947e12	0.0032757439072753445
1.5892828656229766e12	0.0030383982616330866
1.611414277253016e12	0.0021730729141623173
1.6338538778098635e12	0.0022706417495416747
1.656605958949915e12	0.00312619678166115
1.6796748720926526e12	0.0021447720298626146
1.703065029252843e12	0.002770189683994493
1.726780903884352e12	0.0023909331122353833
1.7508270317357268e12	0.003025221022106876
1.7752080117176365e12	0.0025326636624058234
1.7999285067824766e12	0.0033651480716441282
1.8249932448161497e12	0.0017955124326596913
1.8504070195422979e12	0.0026600143763989594
1.8761746914391243e12	0.0017783132288420678
1.9023011886689458e12	0.0024962050475815655
1.9287915080207778e12	0.002510574389205892
1.9556507158659463e12	0.0029453276289453365
1.9828839491270674e12	0.002085407986203506
2.010496416260501e12	0.002590974311669344
2.038493398252464e12	0.0018643026138236531
2.066880249629082e12	0.002341743722843028
2.0956623994804307e12	0.0019037576308859048
2.1248453524988782e12	0.002004783762643189
2.1544346900318877e12	0.002085176019889951
2.184436071149429e12	0.0020326920173003036
2.2148552337263594e12	0.0015408524064520488
2.245697995539773e12	0.002941482769629179
2.276970255381675e12	0.0022819123879495346
2.308677994187172e12	0.0026262209027957967
2.3408272761782944e12	0.002290280169909983
2.3734242500238667e12	0.002673938535596795
2.406475150015422e12	0.0026636626469952553
2.4399862972595464e12	0.0019645334393668416
2.473964100886818e12	0.003300395368934458
2.50841505927754e12	0.0024062054003982365
2.5433457613046484e12	0.0018279203813081008
2.578762887593798e12	0.004054387070585481
2.6146732118010864e12	0.001853475502049044
2.651083601908541e12	0.002809815955487015
2.688001021537609e12	0.0025490241348341855
2.7254325312810293e12	0.001660743067013272
2.7633852900531665e12	0.0020076264593780254
2.8018665564591885e12	0.0027793231597403965
2.8408836901833066e12	0.002317974576524163
2.8804441533962974e12	0.0022148441192810357
2.9205555121827446e12	0.0031021408695487275
2.9612254379880312e12	0.001935584418824582
3.002461709085545e12	0.001725208585901128
3.044272212064305e12	0.00178815740202669
3.086664943337274e12	0.0023280105140548535
3.1296480106707505e12	0.0021715821997698686
3.1732296347349746e12	0.001563262036522208
3.217418150676377e12	0.0017792359153928105
3.2622220097116724e12	0.0022415322393400544
3.3076497807442427e12	0.0034523782379062584
3.3537101520029297e12	0.002351628760678815
3.400411932703703e12	0.00266084651248168
3.4477640547344707e12	0.0022998708760078573
3.49577557436328e12	0.00220034097908512
3.544455673970437e12	0.0016973071403813139
3.593813663804626e12	0.0032346406442172815
3.64385898376354e12	0.002486797549901015
3.694601205199311e12	0.002697625954843956
3.7460500327489985e12	0.0032508593335883436
3.7982153061907354e12	0.0025502580837996197
3.85110700232557e12	0.004425626093439883
3.9047352368855557e12	0.003627538025766636
3.9591102664684683e12	0.0022905393871839944
4.0142424904993276e12	0.0036011748549385023
4.0701424532194385e12	0.0025467630421256745
4.1268208457029526e12	0.0029734020398797297
4.1842885079015776e12	0.001754769505563028
4.242556430717786e12	0.0023863111536674055
4.301635758106799e12	0.002199736062509488
4.3615377892080063e12	0.0017862356690203003
4.422273980505896e12	0.0021408609759356817
4.483855948021183e12	0.0024227426848187177
4.546295469532408e12	0.002677980890505938
4.609604486828438e12	0.0021888087595801444
4.673795107992464e12	0.003062105963704845
4.738879609717651e12	0.0027633726327356634
4.804870439655124e12	0.0018508993049293839
4.871780218794641e12	0.0035684716208060556
4.939621743878327e12	0.0025363359875613784
5.008407989848214e12	0.002649215251842786
5.078152112327671e12	0.0032029470632463013
5.148867450137486e12	0.0027192353332527444
5.220567527846985e12	0.0016803261453122037
5.293266058360564e12	0.0023792323747555324
5.366976945540476e12	0.0021895640580763195
5.44171428686589e12	0.0020604403883919217
5.517492376129121e12	0.002668166590113372
5.594325706169391e12	0.0020855261763373864
5.672228971644548e12	0.0024988107543443233
5.751217071841611e12	0.0021978924761003812
5.831305113526219e12	0.0028274910751545403
5.912508413831871e12	0.002315695143289789
5.994842503189422e12	0.003511938207674246
6.078323128297235e12	0.0027309169509168968
6.162966255132941e12	0.0019245861253139387
6.248788072006891e12	0.0014349703821079501
6.335804992658238e12	0.0028131313719744187
6.424033659394204e12	0.0023005435862575485
6.5134909462728125e12	0.003084849703946395
6.604193962330309e12	0.003237158004223972
6.696160054853219e12	0.0026335902679433345
6.789406812696098e12	0.003949930005866644
6.883952069645513e12	0.0026008393996361672
6.979813907830669e12	0.002385396467323558
7.07701066118189e12	0.0024184476387751445
7.175560918936921e12	0.00395337064793803
7.275483529196218e12	0.002390212301358931
7.376797602527749e12	0.0032678501365521564
7.47952251562183e12	0.0027343444296412324
7.583677914997189e12	0.002130192052499034
7.68928372075831e12	0.002782441041310162
7.796360130405221e12	0.003228502144533524
7.904927622696437e12	0.0017829651175405939
8.01500696156541e12	0.0020160149500811856
8.126619200091941e12	0.002152046466865826
8.239785684528512e12	0.001839099066726758
8.354528058382855e12	0.0019583633175233885
8.470868266557419e12	0.0022545667675958
8.58882855954626e12	0.001488159265940598
8.708431497690723e12	0.0023015142919171764
8.829699955494084e12	0.00288167144735269
8.952657125996379e12	0.0025353793538640673
9.077326525210248e12	0.002649898623176831
9.20373199661823e12	0.0018274731513000459
9.33189771573324e12	0.002468720603479337
9.461848194721998e12	0.002598022385124781
9.593608287093127e12	0.0017552290952164242
9.72720319245056e12	0.003018384087130533
9.862658461312834e12	0.0023498166736530637
1.e13	0.0016148186921803084