1.e7	0.9774704386781997
1.013925407558814e7	0.9768507235389061
1.0280447320933102e7	0.9762143078271397
1.0423606739764009e7	0.9755607609369067
1.056875971184805e7	0.9748896422591762
1.071593399822671e7	0.9742005010129685
1.0865157746525377e7	0.9734928760775245
1.1016459496336572e7	0.9727662958258668
1.1169868184678227e7	0.9720202779601124
1.1325413151528122e7	0.9712543293488705
1.1483124145435117e7	0.9704679458671276
1.1643031329208761e7	0.9696606122390348
1.180516528568805e7	0.968831801884015
1.1969557023590423e7	0.9679809767666673
1.2136237983442424e7	0.9671075872509534
1.230524004359261e7	0.9662110719591909
1.2476595526308686e7	0.9652908576363987
1.2650337203959042e7	0.9643463590205859
1.2826498305280598e7	0.9633769787195914
1.3005112521734096e7	0.9623821070951344
1.3186214013947487e7	0.961361122154756
1.3369837418249458e7	0.960313389452376
1.355601785329369e7	0.9592382619982374
1.3744790926775366e7	0.9581350801790198
1.393619274224144e7	0.9570031716889855
1.4130259905995337e7	0.955841851473045
1.4327029534098295e7	0.9546504216826369
1.4526539259467814e7	0.9534281716454418
1.4728827239075013e7	0.9521743778499202
1.4933932161242539e7	0.9508883039457466
1.5141893253043527e7	0.949569200761263
1.535275028780421e7	0.9482163063391043
1.5566543592710618e7	0.946828845991211
1.5783314056521172e7	0.9454060323745049
1.6003103137387017e7	0.9439470655885339
1.622595287078088e7	0.9424511332964475
1.6451905877536602e7	0.9409174108707385
1.6681005372000594e7	0.9393450615652154
1.691329517029647e7	0.9377332367147331
1.7148819698705416e7	0.9360810759642493
1.7387624002162512e7	0.9343877075288614
1.7629753752872046e7	0.932652248486467
1.7875255259042364e7	0.9308738051048193
1.8124175473742362e7	0.9290514732047248
1.837656200388172e7	0.9271843385612316
1.8632463119315606e7	0.9252714773446563
1.889192776207668e7	0.9233119566033982
1.9155005555735286e7	0.9213048347904409
1.9421746814890247e7	0.9192491623355924
1.9692202554791745e7	0.9171439822654142
1.9966424501097925e7	0.914988330872955
2.024446509976805e7	0.9127812384392953
2.052637752709252e7	0.9105217300090122
2.0812215699863374e7	0.9082088262216499
2.110203428568596e7	0.9058415442012953
2.139588871343422e7	0.9034188985062932
2.1693835183851857e7	0.9009399021412339
2.1995930680300757e7	0.8984035676331823
2.2302232979659375e7	0.8958089081741607
2.26128006633728e7	0.8931549388318294
2.292769312865649e7	0.8904406778302413
2.32469705998565e7	0.8876651479024217
2.357069413996727e7	0.8848273777164964
2.389892566231048e7	0.8819264033769388
2.4231727942376018e7	0.8789612700023144
2.4569164629827913e7	0.8759310333808659
2.491130026067792e7	0.8728347617050061
2.5258200269627854e7	0.8696715373855759
2.5609931002584577e7	0.8664404589465854
2.5966559729348723e7	0.8631406430007884
2.6328154656480197e7	0.8597712263062486
2.6694784940343246e7	0.8563313679036529
2.706652070033241e7	0.8528202513338894
2.744343303228362e7	0.8492370869348784
2.782559402207125e7	0.8455811142163846
2.8213076759394713e7	0.8418516043109485
2.8605955351757452e7	0.8380478624986927
2.9004304938639924e7	0.8341692308031545
2.9408201705870617e7	0.830215090654729
2.981772290019674e7	0.8261848656177341
3.0232946844057757e7	0.8220780241764972
3.0653952950565297e7	0.817894082574885
3.108082173869063e7	0.813632607703477
3.151363484866476e7	0.8092932200272323
3.1952475057592142e7	0.8048755965460686
3.239742629528196e7	0.8003794737797172
3.2848573660300482e7	0.7958046507674585
3.3306003436245885e7	0.7911509920721884
3.376980310825087e7	0.7864184307774744
3.424006137971426e7	0.781606971465235
3.47168681892656e7	0.7767166931605678
3.520031472796682e7	0.7717477522292149
3.569049345675229e7	0.7667003852121685
3.618749812411277e7	0.7615749115807766
3.669142378402495e7	0.7563717363946875
3.720236681413066e7	0.751091352843865
3.7720424934170015e7	0.7457343446549538
3.8245697224669985e7	0.7403013883411962
3.8778284145894535e7	0.73479325527429
3.931828755705771e7	0.7292108135555524
3.98658107358044e7	0.7235550296631047
4.0420958397963084e7	0.7178269698510227
4.098383671757261e7	0.7120278012759073
4.155455334718871e7	0.7061587928259073
4.213321743847288e7	0.7002213156269411
4.271993966306779e7	0.6942168432009792
4.3314832233764045e7	0.6881469512512148
4.391800892596087e7	0.6820133170496699
4.452958509942651e7	0.675817718403248
4.5149677720361e7	0.6695620321756014
4.5778405383766174e7	0.6632482323432565
4.6415888336127795e7	0.6568783875664821
4.706224849841284e7	0.650454658257477
4.77176094893874e7	0.6439792931310447
4.8382096649259575e7	0.6374546252262115
4.905583706365047e7	0.6308830673906182
4.973895958790067e7	0.6242671072238054
5.043159487171361e7	0.6176093014802493
5.113387538414323e7	0.6109122699380922
5.184593543892911e7	0.6041786887454017
5.256791122018421e7	0.5974112832621857
5.329994080844093e7	0.5906128204234581
5.404216420705916e7	0.5837861006557818
5.479472336900281e7	0.576933949388239
5.555776222398879e7	0.5700592082068218
5.633142670601354e7	0.5631647257103565
5.7115864781264335e7	0.5562533481352728
5.791122647641757e7	0.5493279098259672
5.871766390733264e7	0.5423912236370129
5.9535331308143705e7	0.5354460713632048
6.036438506075862e7	0.5284951943025983
6.1204983724767e7	0.5215412840667835
6.205728806776501e7	0.5145869737609082
6.292146109610352e7	0.5076348296637251
6.3797668086062826e7	0.5006873435439876
6.4686076615463234e7	0.49374692575470847
6.5586856595714346e7	0.4868158992502289
6.6500180304311186e7	0.47989649467167955
6.742622241778348e7	0.4729908466456485
6.836516004510237e7	0.46610099143658434
6.9317172761554e7	0.459228866086015
7.028244264308356e7	0.45237630916098387
7.126115430111744e7	0.44554506321930787
7.22534949178722e7	0.43873677908000985
7.325965428215228e7	0.4319530219639483
7.427982482564911e7	0.4251952795407983
7.531420165974377e7	0.4184649718855975
7.636298261282244e7	0.4117634633095162
7.742636826811276e7	0.40509207598577923
7.850456200204514e7	0.3984521052440682
7.959777002314976e7	0.39184483635366685
8.070620141149504e7	0.385271562559379
8.183006815867394e7	0.3787336040747938
8.296958520834917e7	0.3722323276754847
8.412497049736118e7	0.3657691664730083
8.529644499741013e7	0.3593456393883934
8.648423275731729e7	0.3529633697850182
8.768856094587424e7	0.3466241026669763
8.890965989529164e7	0.3403297198017093
9.014776314524914e7	0.33408225208896036
9.14031074875622e7	0.3278838884742542
9.267593301146887e7	0.32173698069702394
9.396648314954688e7	0.3156440431752048
9.527500472427298e7	0.3096077473621066
9.660174799522644e7	0.30363090997151515
9.794696670695382e7	0.2977164745560856
9.931091813749796e7	0.29186748604385987
1.0069386314760298e8	0.28608705799225426
1.0209606623060471e8	0.28037833250662625
1.0351779556301762e8	0.274744432993649
1.0495932305582263e8	0.2691884101760571
1.0642092440647222e8	0.2637131820827066
1.0790287915161854e8	0.2583214690398468
1.0940547072057436e8	0.25301572502300956
1.1092898648952225e8	0.24779806706951255
1.1247371783647512e8	0.2426702047940914
1.1403996019700311e8	0.2376333723745363
1.1562801312073778e8	0.23268826566834272
1.1723818032866e8	0.2278349873649865
1.1887076977119035e8	0.22307300324917395
1.2052609368708418e8	0.21840111273029492
1.222044686631486e8	0.21381743675381532
1.2390621569479182e8	0.2093194260354878
1.2563166024741219e8	0.2049038922222069
1.2738113231864785e8	0.20056706407029
1.2915496650148824e8	0.19630467003007243
1.3095350204826647e8	0.19211204772486934
1.3277708293554312e8	0.18798427972262388
1.346260579298911e8	0.18391635372608425
1.3650078065460142e8	0.17990334388619778
1.3840160965731302e8	0.175940608410715
1.4032890847858712e8	0.17202399705647473
1.4228304572143552e8	0.16815006053459844
1.4426439512181586e8	0.16431625241248043
1.4627333562011296e8	0.16052111287552887
1.483102514336103e8	0.15676442283019595
1.5037553212997347e8	0.153047316417067
1.524695727017576e8	0.14937234018553683
1.545927736419478e8	0.14574344807914047
1.5674554102055946e8	0.1421659230947127
1.5892828656229767e8	0.13864621908338756
1.611414277253017e8	0.13519171968019722
1.6338538778098634e8	0.13181041575891586
1.6566059589499146e8	0.12851050800421585
1.679674872092653e8	0.12529994699499045
1.7030650292528436e8	0.12218592932790129
1.7267809038843533e8	0.11917437441050843
1.7508270317357266e8	0.11626941216492714
1.7752080117176357e8	0.11347291647315057
1.7999285067824757e8	0.11078412218037159
1.8249932448161507e8	0.10819936425306094
1.8504070195422983e8	0.10571197569836469
1.8761746914391235e8	0.103312375616888
1.902301188668946e8	0.1009883699710829
1.9287915080207777e8	0.09872567523451632
1.9556507158659464e8	0.09650865928192544
1.9828839491270682e8	0.09432127530205413
2.0104964162605006e8	0.09214814420356568
2.0384933982524636e8	0.08997572041290434
2.0668802496290827e8	0.08779345701695024
2.09566239948043e8	0.08559487108993809
2.1248453524988794e8	0.08337840115477924
2.1544346900318867e8	0.08114794842080096
2.1844360711494294e8	0.07891300376637839
2.214855233726359e8	0.07668828481663269
2.2456979955397713e8	0.07449284234778185
2.2769702553816754e8	0.07234864175240564
2.308677994187173e8	0.07027868095880128
2.3408272761782938e8	0.0683047667871407
2.3734242500238663e8	0.06644513130720842
2.4064751500154215e8	0.06471212092877836
2.4399862972595453e8	0.06311022541449082
2.473964100886816e8	0.06163472341346398
2.5084150592775407e8	0.060271198252037306
2.5433457613046485e8	0.058996117820991324
2.5787628875937977e8	0.05777857458952862
2.6146732118010867e8	0.05658315034150261
2.6510836019085413e8	0.055373715512143186
2.6880010215376085e8	0.054117811608175595
2.725432531281029e8	0.05279111923515321
2.763385290053167e8	0.051381409443936946
2.801866556459189e8	0.049891338579724
2.8408836901833063e8	0.04833949887541087
2.880444153396298e8	0.04675929213918031
2.920555512182745e8	0.045195451650165856
2.9612254379880327e8	0.04369837943055202
3.002461709085542e8	0.04231685403090715
3.0442722120643055e8	0.04109004061444037
3.0866649433372754e8	0.040040029661013235
3.12964801067075e8	0.039166268464340785
3.1732296347349733e8	0.03844316624980225
3.2174181506763774e8	0.03782181101638374
3.262222009711675e8	0.037236138270027426
3.307649780744245e8	0.0366130971434119
3.353710152002928e8	0.03588548445585963
3.400411932703704e8	0.035005328023368705
3.447764054734471e8	0.03395518943693263
3.4957755743632793e8	0.03275470544995133
3.544455673970435e8	0.03146022047901096
3.5938136638046265e8	0.030156499535142003
3.643858983763542e8	0.02894112793016645
3.694601205199309e8	0.027904024267611495
3.7460500327489954e8	0.02710611160094505
3.798215306190738e8	0.02656214534610828
3.8511070023255706e8	0.02623257427905546
3.904735236885557e8	0.026027884189786934
3.959110266468468e8	0.02582621767400603
4.0142424904993254e8	0.025501626662653577
4.07014245321944e8	0.02495689625090365
4.1268208457029533e8	0.024152489566356045
4.1842885079015756e8	0.023122770150078395
4.2425564307177854e8	0.02197285842711464
4.3016357581068015e8	0.020854194311901234
4.3615377892080045e8	0.019923179712870068
4.422273980505897e8	0.019293449940603686
4.4838559480211824e8	0.018996247996802648
4.546295469532411e8	0.01896316174250955
4.60960448682844e8	0.019040245272354032
4.6737951079924655e8	0.019033029116566808
4.7388796097176534e8	0.018770695589808525
4.804870439655125e8	0.01816865312754301
4.87178021879464e8	0.017265918206577805
4.939621743878326e8	0.016219634471546854
5.0084079898482126e8	0.015253247292780556
5.0781521123276705e8	0.014573174965903622
5.1488674501374876e8	0.014284297067604868
5.220567527846986e8	0.014339778776127061
5.2932660583605653e8	0.014551116634536324
5.366976945540474e8	0.014661135823374104
5.441714286865885e8	0.01445412481055134
5.517492376129115e8	0.013856091132180485
5.59432570616939e8	0.012976289783760182
5.672228971644553e8	0.012063526962382987
5.751217071841615e8	0.01139038720131744
5.831305113526218e8	0.011117637834578137
5.912508413831869e8	0.011208123093601488
5.994842503189423e8	0.011440810168076581
6.078323128297235e8	0.011525540040936099
6.162966255132942e8	0.011261441696188059
6.248788072006892e8	0.010650412931393722
6.33580499265824e8	0.00989546496702172
6.424033659394206e8	0.0092784452273452
6.513490946272812e8	0.008987663181188845
6.604193962330304e8	0.009003962081273896
6.696160054853213e8	0.009122103287607595
6.789406812696097e8	0.009095767072562948
6.883952069645506e8	0.008806155863041199
6.979813907830664e8	0.008332643812817939
7.07701066118189e8	0.007874025411656053
7.175560918936921e8	0.007585032016454495
7.27548352919622e8	0.007463327758250747
7.376797602527747e8	0.00738084067419314
7.479522515621833e8	0.007224443824315936
7.583677914997191e8	0.007005650923297968
7.689283720758306e8	0.00682455176434784
7.796360130405219e8	0.006723291205066557
7.904927622696438e8	0.0065979940777873
8.015006961565417e8	0.0062994609074899805
8.126619200091949e8	0.005844960426224214
8.239785684528508e8	0.005492157586954927
8.354528058382854e8	0.005518087992139661
8.470868266557422e8	0.00587432412860793
8.588828559546261e8	0.006116251633270231
8.70843149769072e8	0.005798615787531379
8.829699955494082e8	0.005000484644014699
8.952657125996382e8	0.004364725591023829
9.077326525210246e8	0.004462421590038739
9.203731996618232e8	0.00509880926960384
9.331897715733241e8	0.00541950346978191
9.46184819472199e8	0.004857713910437281
9.593608287093127e8	0.0038771647543188697
9.72720319245056e8	0.003512290700463676
9.86265846131283e8	0.004112080734110639
1.e9	0.0048330222970815
1.0139254075588146e9	0.004648316072550372
1.0280447320933077e9	0.0036681447354701547
1.0423606739764028e9	0.0030086683126172332
1.0568759711848054e9	0.0033223047916703706
1.0715933998226712e9	0.003977924357912235
1.086515774652538e9	0.003997406261728094
1.1016459496336553e9	0.0033541143240278914
1.1169868184678254e9	0.002825372356563632
1.1325413151528127e9	0.0028523222950940104
1.148312414543511e9	0.003162278042926426
1.1643031329208755e9	0.0033533971686134628
1.180516528568803e9	0.0032401739418173427
1.1969557023590457e9	0.0027996468965644453
1.2136237983442419e9	0.0023699546152397247
1.230524004359261e9	0.002515263558573475
1.2476595526308682e9	0.003040833653603911
1.265033720395901e9	0.0029337773993086155
1.282649830528062e9	0.0021195257040952545
1.3005112521734097e9	0.0019173714403645738
1.3186214013947487e9	0.002646088638590325
1.3369837418249447e9	0.0028203010190591083
1.355601785329366e9	0.002009869963056948
1.3744790926775398e9	0.0017107969550973273
1.393619274224144e9	0.0022698678520986617
1.4130259905995333e9	0.0023961531703816184
1.4327029534098291e9	0.0020140930838439823
1.4526539259467778e9	0.0019071967304126085
1.472882723907505e9	0.0017949442173426583
1.4933932161242528e9	0.0016850992394521786
1.514189325304352e9	0.0020166030581733677
1.535275028780422e9	0.001898149135967711
1.556654359271058e9	0.0012544414386404515
1.5783314056521192e9	0.0015915812025448486
1.6003103137387013e9	0.0021518885836737723
1.622595287078087e9	0.0014932869977363344
1.6451905877536612e9	0.0010712164431601343
1.6681005372000551e9	0.0016301505021871676
1.691329517029651e9	0.001768546300639154
1.7148819698705409e9	0.00123439693530925
1.7387624002162511e9	0.0010020947307832315
1.7629753752872045e9	0.001635312142722276
1.7875255259042318e9	0.0017177463505944589
1.81241754737424e9	0.0007835409079269646
1.8376562003881726e9	0.00126201531919176
1.8632463119315603e9	0.0017319624038181867
1.8891927762076645e9	0.0007904995850832634
1.9155005555735242e9	0.001098123664008341
1.9421746814890287e9	0.0013046963414371266
1.9692202554791727e9	0.000896853164348808
1.996642450109794e9	0.0010510396692096921
2.024446509976802e9	0.0009767645287625225
2.0526377527092485e9	0.0011950593417991888
2.0812215699863427e9	0.0008111992379342244
2.1102034285685964e9	0.0007376885070932396
2.1395888713434217e9	0.0012252889765275385
2.169383518385183e9	0.0009229246165495536
2.1995930680300703e9	0.0005927682556856304
2.230223297965942e9	0.001306201925107631
2.26128006633728e9	0.000846771658291257
2.2927693128656487e9	0.00049449266725129
2.324697059985645e9	0.0014026107803227173
2.3570694139967227e9	0.0005285739074896346
2.389892566231054e9	0.0007754657774154752
2.4231727942376018e9	0.0009400941891841599
2.456916462982789e9	0.0005594572017741995
2.4911300260677867e9	0.0006104189314633805
2.5258200269627786e9	0.0010905489451413792
2.5609931002584615e9	0.0004078699791457475
2.5966559729348736e9	0.0008829240909359906
2.632815465648019e9	0.0006477352165013472
2.6694784940343175e9	0.00044508580670721086
2.7066520700332346e9	0.000808160416985836
2.7443433032283688e9	0.0004964934639045572
2.782559402207125e9	0.00047495876340597774
2.8213076759394703e9	0.0009077959666842531
2.860595535175738e9	0.00042388267713073396
2.900430493863985e9	0.0008403500055438062
2.9408201705870667e9	0.0005483603302639825
2.9817722900196743e9	0.0005953807197895452
3.023294684405777e9	0.0007158607523534534
3.0653952950565243e9	0.000258271734046055
3.108082173869057e9	0.0007425264281752334
3.1513634848664837e9	0.0002757290880090545
3.1952475057592144e9	0.0004696702312921725
3.2397426295281963e9	0.0006256696211020591
3.284857366030039e9	0.0003751850789470482
3.3306003436245956e9	0.000506026935616658
3.376980310825096e9	0.0003128697854469834
3.4240061379714265e9	0.0005627563500152829
3.4716868189265594e9	0.00018155990516010721
3.520031472796676e9	0.000852273101317839
3.569049345675238e9	0.00023638880841053814
3.618749812411285e9	0.0007072199530077598
3.669142378402495e9	0.000265556632188295
3.7202366814130654e9	0.0005042331660233918
3.772042493416993e9	0.00024058538463473026
3.824569722467009e9	0.0006422713969697852
3.877828414589462e9	0.00017834398486488132
3.9318287557057705e9	0.00029020180396969493
3.9865810735804386e9	0.0005422122302654658
4.0420958397963014e9	0.00030224654430810227
4.0983836717572694e9	0.00034556187513115773
4.1554553347188783e9	0.0007776408847872633
4.2133217438472896e9	0.00019860229361352155
4.2719939663067775e9	0.0005327515973888976
4.331483223376394e9	0.00010596752295188906
4.391800892596095e9	0.00045217733306027164
4.452958509942659e9	0.0001577945302760926
4.514967772036102e9	0.0004579843587979061
4.5778405383766165e9	0.0001730701892966915
4.641588833612773e9	0.00025758713813372433
4.706224849841292e9	0.0003557028773308227
4.77176094893875e9	0.0002739370342503929
4.83820966492596e9	0.0005986789738298896
4.9055837063650465e9	0.00021688118821733095
4.973895958790056e9	0.00039432622446070774
5.0431594871713705e9	0.00027265103478547675
5.113387538414332e9	0.0002433769771109357
5.184593543892914e9	0.000312698652868883
5.256791122018418e9	0.00009371364269286602
5.329994080844085e9	0.0004843747545301814
5.404216420705929e9	0.0005905261606911606
5.479472336900295e9	0.00012982535269087425
5.55577622239888e9	0.0004077266268908692
5.633142670601351e9	0.00028921501703281
5.711586478126421e9	0.00011664927609542776
5.79112264764177e9	0.00037453303747556977
5.871766390733261e9	0.0002557802339117908
5.953533130814373e9	0.00020121576136858897
6.036438506075867e9	0.0006752406464063681
6.120498372476688e9	0.0005292834054936469
6.205728806776516e9	0.00015637167677536544
6.292146109610352e9	0.0005726244276728895
6.379766808606281e9	0.0003918132347257953
6.468607661546323e9	0.00019464216649040357
6.558685659571424e9	0.0002733024298721069
6.650018030431134e9	0.0005664572763122286
6.742622241778351e9	0.00027874857344853415
6.836516004510239e9	0.0001492045840033335
6.931717276155399e9	0.00036452823536595863
7.028244264308336e9	0.00047823940854486757
7.126115430111759e9	0.0004981192738592982
7.22534949178722e9	0.00029602386863132347
7.32596542821523e9	0.00039622873104596583
7.427982482564911e9	0.0006602238282949578
7.531420165974362e9	0.0004089935654565162
7.636298261282257e9	0.00033905094997867605
7.742636826811278e9	0.00014103419273197996
7.850456200204511e9	0.00018215777551810626
7.959777002314976e9	0.00037680206705449984
8.070620141149494e9	0.0003343626684741691
8.183006815867405e9	0.0003733108901528076
8.296958520834912e9	0.0003470967589750836
8.412497049736116e9	0.00025922287918054285
8.529644499741016e9	0.00021461466138956027
8.64842327573171e9	0.00035724228215978855
8.768856094587444e9	0.0003711618195165799
8.890965989529173e9	0.0006893253583338596
9.014776314524916e9	0.0006759772682787934
9.140310748756224e9	0.00030612157277462874
9.267593301146862e9	0.0003072774002772592
9.39664831495471e9	0.0003446697788023574
9.527500472427305e9	0.0002899275511857325
9.660174799522646e9	0.00024862563717308153
9.794696670695385e9	0.0004632236875246044
9.931091813749784e9	0.00040710655420370893
1.0069386314760288e10	0.00041799487508576897
1.0209606623060478e10	0.0004627333629678523
1.035177955630176e10	0.0006041008606741347
1.0495932305582268e10	0.000484116279160711
1.064209244064722e10	0.0006624342523777743
1.0790287915161863e10	0.0004362481791399555
1.0940547072057436e10	0.0005369349607090999
1.1092898648952232e10	0.0004395578269506097
1.1247371783647514e10	0.00036393328202032196
1.140399601970031e10	0.00028857904399317034
1.1562801312073784e10	0.0003941916931638533
1.1723818032865997e10	0.0005071057302941373
1.1887076977119028e10	0.000612254409788716
1.2052609368708412e10	0.00036542908344758203
1.2220446866314857e10	0.0003965964723986081
1.2390621569479187e10	0.000709420727236401
1.2563166024741213e10	0.0006139571175446857
1.273811323186478e10	0.0006620053425239699
1.2915496650148832e10	0.0008077167615217341
1.3095350204826654e10	0.0007091939855988401
1.3277708293554321e10	0.000914090720517439
1.3462605792989107e10	0.0005258828477616764
1.3650078065460144e10	0.0004264394564452766
1.38401609657313e10	0.0003689785208037505
1.4032890847858704e10	0.0007207563466494149
1.4228304572143553e10	0.0005972528560071171
1.4426439512181587e10	0.0003952454950130377
1.4627333562011295e10	0.0008423912818808148
1.4831025143361027e10	0.0005392033441874747
1.5037553212997349e10	0.0010060377123740948
1.524695727017576e10	0.0010115276541327162
1.5459277364194788e10	0.0006026817925411509
1.5674554102055948e10	0.0009498494237015989
1.5892828656229761e10	0.0009534994558950974
1.6114142772530159e10	0.000745440571823484
1.6338538778098637e10	0.0007653085083166563
1.656605958949915e10	0.0008661138094184647
1.6796748720926533e10	0.0006996371780220514
1.7030650292528437e10	0.0006614255836762375
1.7267809038843525e10	0.0009978908956293747
1.7508270317357277e10	0.0011621986935857168
1.775208011717637e10	0.0006672609570362126
1.7999285067824764e10	0.0010833778637784656
1.8249932448161503e10	0.0006010867609881445
1.850407019542298e10	0.0009763329644874654
1.8761746914391235e10	0.001121812638942032
1.9023011886689457e10	0.000730328642954311
1.928791508020777e10	0.0011665666810098294
1.955650715865948e10	0.0008390974284072973
1.9828839491270676e10	0.0006528151175481042
2.0104964162605007e10	0.0009538286026740173
2.0384933982524654e10	0.0007531640161292209
2.066880249629083e10	0.0008640056719853502
2.0956623994804317e10	0.0011877933075521742
2.1248453524988777e10	0.0008634630793571363
2.1544346900318863e10	0.001468003586417738
2.184436071149428e10	0.0007898796972372582
2.2148552337263596e10	0.0011235570559045872
2.2456979955397713e10	0.0011154604049696752
2.2769702553816757e10	0.0015058636744038345
2.308677994187171e10	0.000977579081491646
2.3408272761782955e10	0.001486059391735261
2.3734242500238655e10	0.0017013340843724462
2.406475150015422e10	0.001307376816690941
2.439986297259546e10	0.001637017919271792
2.4739641008868168e10	0.001577029361919547
2.5084150592775406e10	0.0009962656505553957
2.5433457613046494e10	0.0010566948121419702
2.578762887593799e10	0.0016107728910748085
2.6146732118010868e10	0.0008520187263318656
2.6510836019085403e10	0.0010734018774448682
2.6880010215376083e10	0.001262152305055093
2.7254325312810287e10	0.0015445451394232972
2.7633852900531673e10	0.001194523006473337
2.8018665564591908e10	0.0014039282385615278
2.840883690183307e10	0.001685233956459851
2.8804441533962967e10	0.0013650367311363273
2.920555512182745e10	0.0012991548975041652
2.9612254379880318e10	0.0017314332919280793
3.0024617090855427e10	0.0016413774592325442
3.0442722120643063e10	0.0020667840086560124
3.0866649433372757e10	0.0015066423815247856
3.1296480106707516e10	0.0013461513899084895
3.173229634734973e10	0.0014017503732900042
3.217418150676379e10	0.0012452357421782925
3.2622220097116737e10	0.0020179376542145046
3.307649780744243e10	0.001983212501696648
3.3537101520029293e10	0.0013715745296906223
3.4004119327037025e10	0.001470773006828744
3.447764054734472e10	0.0012422560372097823
3.4957755743632805e10	0.0013659501374744419
3.544455673970435e10	0.002016553978936278
3.593813663804626e10	0.0020957969241027115
3.643858983763539e10	0.001733772038056206
3.694601205199312e10	0.0017644356168319748
3.746050032748998e10	0.001884657429551132
3.798215306190736e10	0.0014289712323915093
3.85110700232557e10	0.0016466629583332675
3.904735236885558e10	0.0026211675002961944
3.9591102664684685e10	0.0017177816750881805
4.014242490499328e10	0.0024958343830432657
4.0701424532194374e10	0.0018486573620112032
4.126820845702953e10	0.0020291404918401476
4.1842885079015755e10	0.0020775604311976405
4.242556430717786e10	0.001850091584392135
4.301635758106799e10	0.0019942033158584973
4.361537789208007e10	0.002009132851238071
4.422273980505897e10	0.0022328181743129496
4.483855948021181e10	0.002260074554900716
4.54629546953241e10	0.0015258643539536052
4.609604486828439e10	0.0023461271328085558
4.673795107992465e10	0.0028863825013559835
4.738879609717651e10	0.001574746320764547
4.804870439655126e10	0.0014863513995357332
4.871780218794641e10	0.0017429888838540282
4.939621743878323e10	0.0021540978043927106
5.008407989848215e10	0.0021699628821813385
5.0781521123276726e10	0.0016195654505969164
5.148867450137488e10	0.0018628191586829283
5.220567527846986e10	0.002898810925239747
5.293266058360568e10	0.002450643512281859
5.3669769455404785e10	0.0018738544991563735
5.4417142868658905e10	0.0020970751828104507
5.517492376129117e10	0.0016630818188546521
5.594325706169388e10	0.0019206177014134613
5.6722289716445526e10	0.0017792813555285551
5.751217071841614e10	0.002247462238042306
5.83130511352622e10	0.0018021450242536312
5.9125084138318695e10	0.002526653324436925
5.99484250318942e10	0.002205350468350328
6.078323128297239e10	0.002695096446075387
6.162966255132944e10	0.0022495648193692707
6.248788072006886e10	0.0017810974032030288
6.335804992658243e10	0.002436981353887503
6.424033659394205e10	0.002311503439890462
6.51349094627281e10	0.0017727370323846574
6.6041939623303055e10	0.001979073441304393
6.696160054853216e10	0.0021455253550211177
6.789406812696097e10	0.003310930121433347
6.88395206964551e10	0.002241445340685271
6.979813907830666e10	0.001988233302975232
7.077010661181888e10	0.002509801271577517
7.175560918936922e10	0.0025632431624632254
7.275483529196217e10	0.002250689921916935
7.376797602527744e10	0.003306523033908407
7.479522515621828e10	0.0028385683047051375
7.583677914997191e10	0.0028486733688319714
7.689283720758304e10	0.0026838842774096856
7.796360130405223e10	0.002968758381031724
7.904927622696437e10	0.00158885166445258
8.015006961565411e10	0.003478321933911531
8.126619200091945e10	0.0021563528378248896
8.239785684528514e10	0.002044043272412435
8.354528058382855e10	0.002831264957262407
8.470868266557422e10	0.0022980694264683726
8.588828559546263e10	0.0019804667663255167
8.708431497690724e10	0.002102283020225933
8.829699955494086e10	0.0017774550084223636
8.952657125996385e10	0.002269114104546231
9.077326525210248e10	0.001997747106337371
9.203731996618231e10	0.0021496324809714704
9.331897715733234e10	0.0019020192769624222
9.461848194721997e10	0.002501883305579782
9.593608287093123e10	0.002609757012918508
9.727203192450562e10	0.0017142405720270673
9.862658461312836e10	0.0035068185433389833
1.e11	0.0019831419419695105
1.0139254075588141e11	0.003401660117477177
1.0280447320933081e11	0.002162204065184674
1.0423606739764038e11	0.0020241110703865376
1.0568759711848048e11	0.0022433458204774172
1.071593399822671e11	0.0020191198653578333
1.086515774652537e11	0.0028644415851034753
1.1016459496336546e11	0.0035991250722764165
1.116986818467825e11	0.002210822360037721
1.1325413151528128e11	0.003192473266669743
1.148312414543511e11	0.002666606698861006
1.1643031329208759e11	0.0024232160529874514
1.1805165285688036e11	0.0027962141876778147
1.1969557023590453e11	0.00145685325432686
1.2136237983442415e11	0.0030866812160706414
1.2305240043592622e11	0.003318308671782566
1.247659552630869e11	0.0018377580160883857
1.2650337203959015e11	0.0029207571464454573
1.2826498305280621e11	0.002313172912602719
1.30051125217341e11	0.002884111657508025
1.3186214013947481e11	0.00195319786660434
1.3369837418249458e11	0.001957490148491062
1.3556017853293658e11	0.0018653910704913325
1.3744790926775394e11	0.0017060410409710557
1.393619274224144e11	0.003040395117289661
1.4130259905995334e11	0.002390137908483365
1.4327029534098294e11	0.0027258224325211
1.452653925946778e11	0.0017914587757208126
1.472882723907505e11	0.0016790253824658216
1.4933932161242532e11	0.002112084674091321
1.514189325304352e11	0.002231009545279081
1.5352750287804205e11	0.002382752411069311
1.5566543592710593e11	0.00289890591107469
1.5783314056521194e11	0.001956197291704544
1.6003103137387015e11	0.002309347777288223
1.6225952870780865e11	0.003190241402522967
1.6451905877536618e11	0.0021310013764027753
1.6681005372000552e11	0.0025578150719329012
1.69132951702965e11	0.003251063286574006
1.7148819698705417e11	0.0021317134568566752
1.7387624002162503e11	0.003327263612389431
1.7629753752872037e11	0.0021164834106651583
1.7875255259042322e11	0.002764060028373802
1.812417547374239e11	0.0024939721058151163
1.8376562003881726e11	0.0029624785811967445
1.8632463119315588e11	0.001940792388217106
1.8891927762076648e11	0.0022395433930658985
1.9155005555735242e11	0.0025965362842304968
1.9421746814890283e11	0.0028505359928738677
1.9692202554791745e11	0.002205585244802795
1.9966424501097937e11	0.0027277566750652095
2.0244465099768018e11	0.002481288649273035
2.052637752709248e11	0.0033355900186115292
2.0812215699863425e11	0.002007585310925241
2.1102034285685974e11	0.002871844979753402
2.1395888713434225e11	0.0028224359273115803
2.169383518385182e11	0.001866965357396415
2.1995930680300696e11	0.0031019330348880667
2.2302232979659415e11	0.0024493895802424562
2.26128006633728e11	0.00258591591110822
2.292769312865649e11	0.003201496231310672
2.324697059985645e11	0.0023454167786501924
2.3570694139967233e11	0.0025550373458203047
2.3898925662310538e11	0.0015026780007414242
2.4231727942376013e11	0.002815790739904319
2.4569164629827896e11	0.0018663249641319162
2.491130026067787e11	0.003326795550430974
2.5258200269627795e11	0.001549929834102252
2.560993100258462e11	0.0026507787352577855
2.5966559729348727e11	0.003045311988105722
2.6328154656480188e11	0.0020087298520282694
2.6694784940343176e11	0.0030084044353434784
2.706652070033236e11	0.0016870924922687677
2.7443433032283688e11	0.0037730444616190795
2.782559402207126e11	0.0025857614897924356
2.821307675939472e11	0.0020066246175987003
2.860595535175739e11	0.0019089231622161338
2.900430493863985e11	0.0022005515146081953
2.940820170587067e11	0.003031121133200126
2.9817722900196747e11	0.0027300034137820502
3.0232946844057776e11	0.0023955059499366333
3.0653952950565234e11	0.002233061853445513
3.108082173869059e11	0.001975150244279259
3.151363484866484e11	0.0017102818437232958
3.195247505759215e11	0.003556560219623889
3.2397426295281946e11	0.001939979643776733
3.2848573660300397e11	0.002090106223465968
3.330600343624597e11	0.002712317332425034
3.376980310825095e11	0.002064330535838527
3.424006137971426e11	0.0020216384272707852
3.47168681892656e11	0.002688425959757282
3.520031472796677e11	0.0028476126054488835
3.5690493456752356e11	0.002979785688273851
3.6187498124112866e11	0.0015155104433213695
3.6691423784024927e11	0.0026550826968584395
3.7202366814130664e11	0.0027443250021297683
3.772042493416993e11	0.0018699856501235145
3.824569722467009e11	0.0042171887485569
3.877828414589463e11	0.0035829313845839534
3.9318287557057715e11	0.001954762556826642
3.9865810735804395e11	0.0030929692761471565
4.042095839796301e11	0.0032389374050372844
4.098383671757268e11	0.0027435534972438834
4.155455334718878e11	0.0023898581292417674
4.2133217438472876e11	0.002799245174113838
4.2719939663067773e11	0.002017439008215525
4.331483223376396e11	0.0019334055826840863
4.3918008925960944e11	0.0018722097469723049
4.4529585099426587e11	0.0025881869820474704
4.514967772036103e11	0.0023933278704065595
4.5778405383766187e11	0.0021333592495872368
4.641588833612773e11	0.0017450094042101316
4.70622484984129e11	0.002264096594903489
4.771760948938751e11	0.0025384830286255483
4.838209664925957e11	0.002252649077690792
4.9055837063650464e11	0.0019405271389350783
4.973895958790058e11	0.0026625869810521768
5.0431594871713684e11	0.0027421512434586998
5.113387538414334e11	0.0015643875611169233
5.1845935438929126e11	0.003275628120449958
5.256791122018419e11	0.001767387547191238
5.329994080844082e11	0.002279450212231384
5.404216420705926e11	0.0023912826737091716
5.4794723369002924e11	0.002615191617960755
5.555776222398881e11	0.002505388773563492
5.63314267060135e11	0.0023801564021662374
5.711586478126425e11	0.002072756804325523
5.791122647641771e11	0.0024712028425373624
5.871766390733262e11	0.0022978344159877836
5.953533130814374e11	0.004162944112815412
6.036438506075862e11	0.0024438552485496977
6.120498372476693e11	0.0031566678579152694
6.205728806776516e11	0.002722292758215162
6.29214610961035e11	0.001452135792541079
6.379766808606283e11	0.0027210998522393896
6.468607661546322e11	0.002426211671295568
6.558685659571425e11	0.0021559505268710015
6.650018030431133e11	0.0026592288652339292
6.742622241778346e11	0.0024967833610020007
6.836516004510237e11	0.002664960444961704
6.931717276155397e11	0.0031210663531819013
7.02824426430834e11	0.00282971753558505
7.126115430111759e11	0.002220819370747585
7.225349491787225e11	0.0026308314492535737
7.325965428215233e11	0.002157597979599565
7.427982482564907e11	0.0034780137335559355
7.531420165974358e11	0.00233474953051892
7.636298261282261e11	0.00277509835099804
7.742636826811274e11	0.002556024594985453
7.850456200204512e11	0.002447251774560375
7.95977700231498e11	0.002883464113268837
8.070620141149492e11	0.0030933688852978324
8.183006815867404e11	0.001676025285272475
8.296958520834917e11	0.0016831955613638876
8.412497049736116e11	0.0018754855978585202
8.529644499741017e11	0.0025126977555933214
8.648423275731714e11	0.0019510642563482052
8.768856094587443e11	0.002645044201273041
8.890965989529165e11	0.002359112629666756
9.014776314524921e11	0.001375991177127522
9.140310748756227e11	0.0024612824439155527
9.267593301146862e11	0.00294821902970872
9.39664831495471e11	0.0027716300274223922
9.527500472427303e11	0.0022484313073195135
9.660174799522643e11	0.0032811360773125024
9.79469667069539e11	0.0018022247343665793
9.931091813749781e11	0.0026413627864440253
1.0069386314760289e12	0.0017290421997889563
1.0209606623060474e12	0.003586949208586876
1.035177955630176e12	0.00184651130440751
1.0495932305582268e12	0.00253903608920941
1.0642092440647225e12	0.0021598130270207567
1.079028791516186e12	0.0017677535459278853
1.0940547072057437e12	0.002037271208661193
1.1092898648952227e12	0.0029516072064533737
1.1247371783647505e12	0.0019948248811710438
1.140399601970031e12	0.0020676536960874993
1.1562801312073777e12	0.001873118854670442
1.1723818032866003e12	0.002521047329429085
1.1887076977119028e12	0.0024104764281385133
1.2052609368708413e12	0.00292718840947237
1.2220446866314858e12	0.002385054940942942
1.2390621569479182e12	0.0030940289794112565
1.2563166024741213e12	0.0022051113368975746
1.2738113231864783e12	0.0029970920958637156
1.2915496650148828e12	0.0020624633341010386
1.3095350204826646e12	0.002844332895670246
1.3277708293554326e12	0.0021195317086000792
1.3462605792989106e12	0.001795921451299086
1.3650078065460146e12	0.0026335371802631517
1.38401609657313e12	0.002078549737832266
1.4032890847858708e12	0.0030988166781828115
1.4228304572143552e12	0.0024276642193074623
1.4426439512181592e12	0.0022240968636663477
1.4627333562011294e12	0.0026242399655862824
1.4831025143361025e12	0.0021687798098020475
1.5037553212997349e12	0.0027643434365395535
1.5246957270175771e12	0.0033541149389759574
1.5459277364194778e12	0.0025644635802885745
1.5674554102055947e12	0.001932448479159945
1.5892828656229766e12	0.0032436816309674914
1.611414277253016e12	0.0026702888636138573
1.6338538778098635e12	0.002343115194607803
1.656605958949915e12	0.00271578871076149
1.6796748720926526e12	0.0019304306120583228
1.703065029252843e12	0.0029589470604286946
1.726780903884352e12	0.002570380174522449
1.7508270317357268e12	0.0028551341611912045
1.7752080117176365e12	0.0019857245665993463
1.7999285067824766e12	0.0032933084119460445
1.8249932448161497e12	0.00232942067937518
1.8504070195422979e12	0.002931052806649024
1.8761746914391243e12	0.0031682246059017167
1.9023011886689458e12	0.0029586815216659725
1.9287915080207778e12	0.0019208291803012184
1.9556507158659463e12	0.001696483418018447
1.9828839491270674e12	0.0024140761248084815
2.010496416260501e12	0.0026978773553955285
2.038493398252464e12	0.002390141736280606
2.066880249629082e12	0.0025354526539175205
2.0956623994804307e12	0.0015642919364054705
2.1248453524988782e12	0.0031262636083300975
2.1544346900318877e12	0.004105010169039969
2.184436071149429e12	0.0010116243106758304
2.2148552337263594e12	0.002170723982951256
2.245697995539773e12	0.0024846329863970978
2.276970255381675e12	0.0022003913800782517
2.308677994187172e12	0.002333294707725479
2.3408272761782944e12	0.003823596749035377
2.3734242500238667e12	0.0027848720557716003
2.406475150015422e12	0.0018891394243603027
2.4399862972595464e12	0.0019129849959780695
2.473964100886818e12	0.0022572409545937376
2.50841505927754e12	0.0021595029813868682
2.5433457613046484e12	0.0022088648647238945
2.578762887593798e12	0.0021853240899579146
2.6146732118010864e12	0.0031398909452178235
2.651083601908541e12	0.0028701289791182357
2.688001021537609e12	0.0021036301179380404
2.7254325312810293e12	0.0026616192065797477
2.7633852900531665e12	0.002218908905481483
2.8018665564591885e12	0.0020502383414403836
2.8408836901833066e12	0.002219316256912699
2.8804441533962974e12	0.0018192640826060797
2.9205555121827446e12	0.002779592898586414
2.9612254379880312e12	0.0026152631052769387
3.002461709085545e12	0.0028307316698709963
3.044272212064305e12	0.002899388635416231
3.086664943337274e12	0.0028117885997210657
3.1296480106707505e12	0.0033511700719234257
3.1732296347349746e12	0.0022993970767946066
3.217418150676377e12	0.002098959900692521
3.2622220097116724e12	0.0019811142196414964
3.3076497807442427e12	0.002939714764729697
3.3537101520029297e12	0.002732015625650879
3.400411932703703e12	0.002246897514499442
3.4477640547344707e12	0.0021509697059116963
3.49577557436328e12	0.0022855719697551977
3.544455673970437e12	0.0018903739204488936
3.593813663804626e12	0.002656534869290124
3.64385898376354e12	0.0020244834799618364
3.694601205199311e12	0.0029890313571688514
3.7460500327489985e12	0.0033022942685985556
3.7982153061907354e12	0.0030373616316549746
3.85110700232557e12	0.0024995389547449835
3.9047352368855557e12	0.0023379680186872537
3.9591102664684683e12	0.0025798657377963732
4.0142424904993276e12	0.002599706625619244
4.0701424532194385e12	0.0021950113672023278
4.1268208457029526e12	0.0038730144290730715
4.1842885079015776e12	0.0029390555468363005
4.242556430717786e12	0.0029621363131704208
4.301635758106799e12	0.0020672308707262777
4.3615377892080063e12	0.00206034284371798
4.422273980505896e12	0.0026085238485045836
4.483855948021183e12	0.0023820781658959083
4.546295469532408e12	0.0025522289606770506
4.609604486828438e12	0.0018801952536979677
4.673795107992464e12	0.002260980204054737
4.738879609717651e12	0.0018615146597570722
4.804870439655124e12	0.00323191426333507
4.871780218794641e12	0.001644108297206863
4.939621743878327e12	0.002037319502635207
5.008407989848214e12	0.0016349922346116511
5.078152112327671e12	0.002189679216236282
5.148867450137486e12	0.0030475043394548795
5.220567527846985e12	0.002697335831877645
5.293266058360564e12	0.0026323250238455293
5.366976945540476e12	0.002391075845658723
5.44171428686589e12	0.0021474956515735227
5.517492376129121e12	0.003132954976511582
5.594325706169391e12	0.002291371530099858
5.672228971644548e12	0.0022487578974044937
5.751217071841611e12	0.0031590123132086458
5.831305113526219e12	0.003135428401125067
5.912508413831871e12	0.002606999106156361
5.994842503189422e12	0.0017862422883171349
6.078323128297235e12	0.0024590140739463363
6.162966255132941e12	0.0017706006214354222
6.248788072006891e12	0.0026674503627265003
6.335804992658238e12	0.002213490530032521
6.424033659394204e12	0.0023985965932101162
6.5134909462728125e12	0.0027171316920460657
6.604193962330309e12	0.0025106263640754358
6.696160054853219e12	0.0024544862186784144
6.789406812696098e12	0.0030173052090471083
6.883952069645513e12	0.002010018107565002
6.979813907830669e12	0.003103899398492699
7.07701066118189e12	0.0020291720459146754
7.175560918936921e12	0.0021097960421470508
7.275483529196218e12	0.001966258066905133
7.376797602527749e12	0.0016914047442995234
7.47952251562183e12	0.002776511501374212
7.583677914997189e12	0.0021688614865853907
7.68928372075831e12	0.0026700403805348426
7.796360130405221e12	0.0017046142693291821
7.904927622696437e12	0.002341246482638606
8.01500696156541e12	0.0019346351448479597
8.126619200091941e12	0.0038953846530667847
8.239785684528512e12	0.001454484699600458
8.354528058382855e12	0.0011056253445066808
8.470868266557419e12	0.002939298044129894
8.58882855954626e12	0.0030973712834076596
8.708431497690723e12	0.0030052540754358786
8.829699955494084e12	0.0018384882596706208
8.952657125996379e12	0.0016933731929195612
9.077326525210248e12	0.002681641224365101
9.20373199661823e12	0.002016085445980158
9.33189771573324e12	0.0033925522245929172
9.461848194721998e12	0.0019589181653562136
9.593608287093127e12	0.0016177123094169657
9.72720319245056e12	0.0018892152659266686
9.862658461312834e12	0.002015938538975069
1.e13	0.0020987534164055486