1.e7	0.9774694804086634
1.013925407558814e7	0.9768497074522465
1.0280447320933102e7	0.9762132305097954
1.0423606739764009e7	0.9755596187750877
1.056875971184805e7	0.9748884314271123
1.071593399822671e7	0.9741992174604581
1.0865157746525377e7	0.973491515516753
1.1016459496336572e7	0.9727648537174487
1.1169868184678227e7	0.972018749498303
1.1325413151528122e7	0.971252709445912
1.1483124145435117e7	0.9704662291366717
1.1643031329208761e7	0.9696587929785834
1.180516528568805e7	0.9688298740563233
1.1969557023590423e7	0.9679789339800555
1.2136237983442424e7	0.967105422738454
1.230524004359261e7	0.9662087785564621
1.2476595526308686e7	0.9652884277583405
1.2650337203959042e7	0.9643437846365726
1.2826498305280598e7	0.9633742513272439
1.3005112521734096e7	0.9623792176925481
1.3186214013947487e7	0.9613580612110901
1.3369837418249458e7	0.9603101468767081
1.355601785329369e7	0.9592348271065895
1.3744790926775366e7	0.9581314416594386
1.393619274224144e7	0.9569993175645699
1.4130259905995337e7	0.955837769062796
1.4327029534098295e7	0.9546460975600134
1.4526539259467814e7	0.9534235915944832
1.4728827239075013e7	0.95216952681879
1.4933932161242539e7	0.9508831659975625
1.5141893253043527e7	0.9495637590220423
1.535275028780421e7	0.9482105429426659
1.5566543592710618e7	0.9468227420208759
1.5783314056521172e7	0.9453995678013807
1.6003103137387017e7	0.9439402192062153
1.622595287078088e7	0.9424438826519345
1.6451905877536602e7	0.9409097321913278
1.6681005372000594e7	0.9393369296811853
1.691329517029647e7	0.9377246249775534
1.7148819698705416e7	0.9360719561600774
1.7387624002162512e7	0.9343780497870802
1.7629753752872046e7	0.9326420211829822
1.7875255259042364e7	0.9308629747598339
1.8124175473742362e7	0.9290400043746949
1.837656200388172e7	0.9271721937247007
1.8632463119315606e7	0.925258616781629
1.889192776207668e7	0.9232983382679345
1.9155005555735286e7	0.921290414176117
1.9421746814890247e7	0.919233892333439
1.9692202554791745e7	0.9171278130140025
1.9966424501097925e7	0.9149712096001861
2.024446509976805e7	0.912763109295505
2.052637752709252e7	0.9105025338909922
2.0812215699863374e7	0.9081885005871229
2.110203428568596e7	0.9058200228734026
2.139588871343422e7	0.9033961114676634
2.1693835183851857e7	0.9009157753171249
2.1995930680300757e7	0.8983780226632372
2.2302232979659375e7	0.8957818621723113
2.26128006633728e7	0.8931263041338161
2.292769312865649e7	0.8904103617282697
2.32469705998565e7	0.8876330523664848
2.357069413996727e7	0.884793399101806
2.389892566231048e7	0.8818904321170161
2.4231727942376018e7	0.8789231902872432
2.4569164629827913e7	0.8758907228202386
2.491130026067792e7	0.872792090975079
2.5258200269627854e7	0.8696263698602383
2.5609931002584577e7	0.866392650311707
2.5966559729348723e7	0.863090040851592
2.6328154656480197e7	0.8597176697273711
2.6694784940343246e7	0.8562746870316458
2.706652070033241e7	0.8527602669018878
2.744343303228362e7	0.8491736097994176
2.782559402207125e7	0.845513944866163
2.8213076759394713e7	0.8417805323577231
2.8605955351757452e7	0.8379726661504032
2.9004304938639924e7	0.8340896763195543
2.9408201705870617e7	0.8301309317860449
2.981772290019674e7	0.8260958430269115
3.0232946844057757e7	0.8219838648458012
3.0653952950565297e7	0.8177944991979933
3.108082173869063e7	0.8135272980642049
3.151363484866476e7	0.8091818663664839
3.1952475057592142e7	0.8047578649187893
3.239742629528196e7	0.8002550134040964
3.2848573660300482e7	0.7956730933687455
3.3306003436245885e7	0.7910119512241501
3.376980310825087e7	0.7862715012448516
3.424006137971426e7	0.7814517285509459
3.47168681892656e7	0.7765526920620911
3.520031472796682e7	0.7715745274090184
3.569049345675229e7	0.766517449787796
3.618749812411277e7	0.761381756740722
3.669142378402495e7	0.7561678308470021
3.720236681413066e7	0.7508761423052082
3.7720424934170015e7	0.7455072513885543
3.8245697224669985e7	0.7400618107531353
3.8778284145894535e7	0.7345405675783767
3.931828755705771e7	0.7289443655180787
3.98658107358044e7	0.7232741464397683
4.0420958397963084e7	0.7175309519294086
4.098383671757261e7	0.7117159245379261
4.155455334718871e7	0.7058303087458586
4.213321743847288e7	0.699875451621967
4.271993966306779e7	0.6938528031517555
4.3314832233764045e7	0.6877639162121405
4.391800892596087e7	0.6816104461687569
4.452958509942651e7	0.675394150073195
4.5149677720361e7	0.6691168854384943
4.5778405383766174e7	0.6627806085725494
4.6415888336127795e7	0.6563873724505731
4.706224849841284e7	0.6499393241102321
4.77176094893874e7	0.6434387015550525
4.8382096649259575e7	0.6368878301549529
4.905583706365047e7	0.6302891185360603
4.973895958790067e7	0.6236450539555688
5.043159487171361e7	0.6169581971620555
5.113387538414323e7	0.610231176746317
5.184593543892911e7	0.6034666829930072
5.256791122018421e7	0.5966674612495079
5.329994080844093e7	0.5898363048344359
5.404216420705916e7	0.582976047515212
5.479472336900281e7	0.5760895555912485
5.555776222398879e7	0.5691797196268601
5.633142670601354e7	0.5622494458860597
5.7115864781264335e7	0.5553016475294273
5.791122647641757e7	0.5483392356416531
5.871766390733264e7	0.541365110166707
5.9535331308143705e7	0.5343821508357244
6.036438506075862e7	0.5273932081808772
6.1204983724767e7	0.5204010947358715
6.205728806776501e7	0.513408576530859
6.292146109610352e7	0.5064183649953594
6.3797668086062826e7	0.4994331093879638
6.4686076615463234e7	0.4924553898753346
6.5586856595714346e7	0.48548771138442054
6.6500180304311186e7	0.4785324983527428
6.742622241778348e7	0.4715920904985378
6.836516004510237e7	0.464668739728499
6.9317172761554e7	0.4577646082928666
7.028244264308356e7	0.45088176828722926
7.126115430111744e7	0.44402220258596775
7.22534949178722e7	0.43718780727501794
7.325965428215228e7	0.430380395629562
7.427982482564911e7	0.4236017036571518
7.531420165974377e7	0.4168533971971125
7.636298261282244e7	0.41013708053373554
7.742636826811276e7	0.4034543064432547
7.850456200204514e7	0.39680658755456577
7.959777002314976e7	0.390195408859024
8.070620141149504e7	0.3836222411593049
8.183006815867394e7	0.3770885551991189
8.296958520834917e7	0.37059583616738
8.412497049736118e7	0.36414559822286324
8.529644499741013e7	0.3577393986398172
8.648423275731729e7	0.35137885113301504
8.768856094587424e7	0.3450656378852304
8.890965989529164e7	0.3388015197713731
9.014776314524914e7	0.33258834425554357
9.14031074875622e7	0.3264280504313993
9.267593301146887e7	0.3203226706855429
9.396648314954688e7	0.3142743284894917
9.527500472427298e7	0.30828523187228624
9.660174799522644e7	0.3023576621930528
9.794696670695382e7	0.2964939579238714
9.931091813749796e7	0.29069649326911223
1.0069386314760298e8	0.2849676515879915
1.0209606623060471e8	0.2793097937526752
1.0351779556301762e8	0.27372522176339475
1.0495932305582263e8	0.26821613815184014
1.0642092440647222e8	0.26278460193095493
1.0790287915161854e8	0.2574324820871662
1.0940547072057436e8	0.25216140985330815
1.1092898648952225e8	0.24697273123756439
1.1247371783647512e8	0.24186746150563787
1.1403996019700311e8	0.2368462435063577
1.1562801312073778e8	0.23190931188341538
1.1723818032866e8	0.22705646531005141
1.1887076977119035e8	0.22228704890745743
1.2052609368708418e8	0.21759994894146076
1.222044686631486e8	0.2129936017250306
1.2390621569479182e8	0.20846601837137474
1.2563166024741219e8	0.2040148266332938
1.2738113231864785e8	0.1996373305256025
1.2915496650148824e8	0.19533058775581058
1.3095350204826647e8	0.19109150419380772
1.3277708293554312e8	0.1869169437058089
1.346260579298911e8	0.18280385068929797
1.3650078065460142e8	0.17874938160735387
1.3840160965731302e8	0.17475104077887346
1.4032890847858712e8	0.17080681469435635
1.4228304572143552e8	0.16691529825958407
1.4426439512181586e8	0.16307580570022107
1.4627333562011296e8	0.15928845846560963
1.483102514336103e8	0.15555424243653532
1.5037553212997347e8	0.15187502714247847
1.524695727017576e8	0.14825354060035675
1.545927736419478e8	0.14469329484611454
1.5674554102055946e8	0.1411984592678844
1.5892828656229767e8	0.1377736814518504
1.611414277253017e8	0.13442385836744963
1.6338538778098634e8	0.13115386424157485
1.6566059589499146e8	0.12796824524414482
1.679674872092653e8	0.12487089491350029
1.7030650292528436e8	0.12186472782182
1.7267809038843533e8	0.1189513720005313
1.7508270317357266e8	0.11613090276805925
1.7752080117176357e8	0.11340164147017431
1.7999285067824757e8	0.11076004191712419
1.8249932448161507e8	0.10820068469835327
1.8504070195422983e8	0.10571639488325191
1.8761746914391235e8	0.10329849182114884
1.902301188668946e8	0.100937170960626
1.9287915080207777e8	0.09862200715411482
1.9556507158659464e8	0.09634255737567074
1.9828839491270682e8	0.09408902897475087
2.0104964162605006e8	0.09185296856155006
2.0384933982524636e8	0.08962791758606618
2.0668802496290827e8	0.08740997494265196
2.09566239948043e8	0.08519820578702558
2.1248453524988794e8	0.08299484029591511
2.1544346900318867e8	0.08080521708620705
2.1844360711494294e8	0.07863744365919301
2.214855233726359e8	0.07650177006633735
2.2456979955397713e8	0.07440970069060474
2.2769702553816754e8	0.07237290039192021
2.308677994187173e8	0.07040198221426376
2.3408272761782938e8	0.06850529063512728
2.3734242500238663e8	0.0666878128207241
2.4064751500154215e8	0.0649503564642624
2.4399862972595453e8	0.0632891231136297
2.473964100886816e8	0.06169577832952579
2.5084150592775407e8	0.060158074399143495
2.5433457613046485e8	0.05866102001722223
2.5787628875937977e8	0.057188519504240455
2.6146732118010867e8	0.05572532971978237
2.6510836019085413e8	0.05425911607948008
2.6880010215376085e8	0.05278234148412467
2.725432531281029e8	0.051293704708856205
2.763385290053167e8	0.04979886682167131
2.801866556459189e8	0.048310270089804964
2.8408836901833063e8	0.04684596185722296
2.880444153396298e8	0.04542747666033124
2.920555512182745e8	0.04407698607651098
2.9612254379880327e8	0.042814073418416754
3.002461709085542e8	0.041652601449323506
3.0442722120643055e8	0.04059818847245521
3.0866649433372754e8	0.03964677035688447
3.12964801067075e8	0.038784594419796335
3.1732296347349733e8	0.03798977387484957
3.2174181506763774e8	0.037235256773853385
3.262222009711675e8	0.03649277747455811
3.307649780744245e8	0.03573712060839812
3.353710152002928e8	0.034949898067135124
3.400411932703704e8	0.03412206707771504
3.447764054734471e8	0.03325462299304188
3.4957755743632793e8	0.03235726539180119
3.544455673970435e8	0.03144529724678384
3.5938136638046265e8	0.03053547228266842
3.643858983763542e8	0.02964183287337932
3.694601205199309e8	0.028772666955831784
3.7460500327489954e8	0.027929489311913677
3.798215306190738e8	0.027108428894846492
3.8511070023255706e8	0.02630368243780101
3.904735236885557e8	0.025511964191438436
3.959110266468468e8	0.024736378237135627
4.0142424904993254e8	0.02398808002758166
4.07014245321944e8	0.023284595258219184
4.1268208457029533e8	0.022644677123944676
4.1842885079015756e8	0.022080862146327984
4.2425564307177854e8	0.0215920252517926
4.3016357581068015e8	0.02115878003303566
4.3615377892080045e8	0.020744172322293065
4.422273980505897e8	0.02030070143617613
4.4838559480211824e8	0.019782580656763214
4.546295469532411e8	0.01915998284070465
4.60960448682844e8	0.018430655397058782
4.6737951079924655e8	0.017624449852313918
4.7388796097176534e8	0.016798242397719713
4.804870439655125e8	0.01602197026592837
4.87178021879464e8	0.015359948875259084
4.939621743878326e8	0.014853820484172109
5.0084079898482126e8	0.014513254356169198
5.0781521123276705e8	0.014317619789787057
5.1488674501374876e8	0.01422727818895089
5.220567527846986e8	0.014198892881966484
5.2932660583605653e8	0.014197418260005585
5.366976945540474e8	0.014199414124914224
5.441714286865885e8	0.01418738367681082
5.517492376129115e8	0.014140410385238424
5.59432570616939e8	0.0140291511621403
5.672228971644553e8	0.013821032501564324
5.751217071841615e8	0.01349489181999915
5.831305113526218e8	0.013056971584315747
5.912508413831869e8	0.012547073645133364
5.994842503189423e8	0.01202790728056644
6.078323128297235e8	0.011560723565322312
6.162966255132942e8	0.01118007737655501
6.248788072006892e8	0.010882690323069008
6.33580499265824e8	0.010636865738450286
6.424033659394206e8	0.010404542703852068
6.513490946272812e8	0.010158618869031265
6.604193962330304e8	0.009882656278798184
6.696160054853213e8	0.009557229053980666
6.789406812696097e8	0.00915338062033781
6.883952069645506e8	0.008652014938384078
6.979813907830664e8	0.008083894554790685
7.07701066118189e8	0.007555245146539283
7.175560918936921e8	0.007218523913179041
7.27548352919622e8	0.0071834729716832735
7.376797602527747e8	0.007420968481817664
7.479522515621833e8	0.0077414931413795525
7.583677914997191e8	0.007890631299718762
7.689283720758306e8	0.00771067627653136
7.796360130405219e8	0.0072456826974443755
7.904927622696438e8	0.006694759726855869
8.015006961565417e8	0.006243174237545395
8.126619200091949e8	0.005918808819063059
8.239785684528508e8	0.005609788656890507
8.354528058382854e8	0.005226202234175448
8.470868266557422e8	0.004835846491526141
8.588828559546261e8	0.004619743599235523
8.70843149769072e8	0.004684351322886147
8.829699955494082e8	0.004936119736124136
8.952657125996382e8	0.005167225370739565
9.077326525210246e8	0.005260827820958984
9.203731996618232e8	0.00527740066443368
9.331897715733241e8	0.005324956366726585
9.46184819472199e8	0.005387894347955593
9.593608287093127e8	0.005342903921853869
9.72720319245056e8	0.005138326502370387
9.86265846131283e8	0.004885019013332955
1.e9	0.0047260519541223265
1.0139254075588146e9	0.004665045975926835
1.0280447320933077e9	0.004589264723644477
1.0423606739764028e9	0.0044353545812272485
1.0568759711848054e9	0.004247765896712993
1.0715933998226712e9	0.004074820097581265
1.086515774652538e9	0.003908214125110515
1.1016459496336553e9	0.0037588911749017644
1.1169868184678254e9	0.0036813629450424892
1.1325413151528127e9	0.003643622840466246
1.148312414543511e9	0.003483904278542718
1.1643031329208755e9	0.0031376773222828525
1.180516528568803e9	0.0028286979389648033
1.1969557023590457e9	0.00283529085014597
1.2136237983442419e9	0.003077821245206691
1.230524004359261e9	0.0031623618557103344
1.2476595526308682e9	0.0028984852817401582
1.265033720395901e9	0.002557932253379139
1.282649830528062e9	0.0024908098521046916
1.3005112521734097e9	0.002664567545332273
1.3186214013947487e9	0.002761931864796188
1.3369837418249447e9	0.002651929390243183
1.355601785329366e9	0.002590103723881427
1.3744790926775398e9	0.0028658915271191176
1.393619274224144e9	0.0033360657962872298
1.4130259905995333e9	0.003616705191705904
1.4327029534098291e9	0.0037300247538197755
1.4526539259467778e9	0.003939848094348712
1.472882723907505e9	0.004044313067792062
1.4933932161242528e9	0.003834854135803537
1.514189325304352e9	0.003772797871810721
1.535275028780422e9	0.004030877048533057
1.556654359271058e9	0.004009826605026748
1.5783314056521192e9	0.0035500847822340247
1.6003103137387013e9	0.003022040401564876
1.622595287078087e9	0.0025794675067386413
1.6451905877536612e9	0.0024120418641946084
1.6681005372000551e9	0.002494453810975948
1.691329517029651e9	0.0023893012795011956
1.7148819698705409e9	0.002023537896760586
1.7387624002162511e9	0.0016931018831786789
1.7629753752872045e9	0.0016477543735229487
1.7875255259042318e9	0.0018644540823574704
1.81241754737424e9	0.0023010633208497134
1.8376562003881726e9	0.002818698204436353
1.8632463119315603e9	0.0028569411030586866
1.8891927762076645e9	0.0028494182970569036
1.9155005555735242e9	0.0030839584387366958
1.9421746814890287e9	0.003128549698052806
1.9692202554791727e9	0.0033008039688766674
1.996642450109794e9	0.0032163293627126472
2.024446509976802e9	0.003161237186661646
2.0526377527092485e9	0.003020852721740452
2.0812215699863427e9	0.0024356402440895747
2.1102034285685964e9	0.002218678575856666
2.1395888713434217e9	0.0021744606106546527
2.169383518385183e9	0.0024095454431344032
2.1995930680300703e9	0.0027541712041592205
2.230223297965942e9	0.003001960000237005
2.26128006633728e9	0.002527860095665707
2.2927693128656487e9	0.0017018741803173918
2.324697059985645e9	0.0015982514243533235
2.3570694139967227e9	0.002073576337808885
2.389892566231054e9	0.002289391710512775
2.4231727942376018e9	0.0024865801989229896
2.456916462982789e9	0.0023594607203021433
2.4911300260677867e9	0.0017622403770278334
2.5258200269627786e9	0.0019541815378047236
2.5609931002584615e9	0.002230454900850418
2.5966559729348736e9	0.0020356568498118414
2.632815465648019e9	0.0020359509452331833
2.6694784940343175e9	0.002522006390061563
2.7066520700332346e9	0.0028692717219076127
2.7443433032283688e9	0.002715986997235095
2.782559402207125e9	0.00253672984494978
2.8213076759394703e9	0.0016630688581921235
2.860595535175738e9	0.001350603482935741
2.900430493863985e9	0.0014437938465790606
2.9408201705870667e9	0.0018783993397804557
2.9817722900196743e9	0.00254022471068571
3.023294684405777e9	0.003905332560151359
3.0653952950565243e9	0.004370194773809019
3.108082173869057e9	0.00403779551640905
3.1513634848664837e9	0.0029265133512945763
3.1952475057592144e9	0.0023227688279788797
3.2397426295281963e9	0.0022548328519212146
3.284857366030039e9	0.0020708937676822262
3.3306003436245956e9	0.002115285590410633
3.376980310825096e9	0.002470449365744964
3.4240061379714265e9	0.002252141315542716
3.4716868189265594e9	0.002134619692154604
3.520031472796676e9	0.002075487186970807
3.569049345675238e9	0.001881059301572816
3.618749812411285e9	0.002338437976076875
3.669142378402495e9	0.003493807163320055
3.7202366814130654e9	0.0026143768425893484
3.772042493416993e9	0.0019172825575398175
3.824569722467009e9	0.0022104290473346443
3.877828414589462e9	0.002514932515771961
3.9318287557057705e9	0.0032645623632243876
3.9865810735804386e9	0.002463720340933373
4.0420958397963014e9	0.0028479264168781017
4.0983836717572694e9	0.001986839303694954
4.1554553347188783e9	0.0025289510102277334
4.2133217438472896e9	0.0028750391240434524
4.2719939663067775e9	0.0021573738680693492
4.331483223376394e9	0.0027381616701310204
4.391800892596095e9	0.003195323884242863
4.452958509942659e9	0.003104944235877363
4.514967772036102e9	0.003284846834916696
4.5778405383766165e9	0.0034212748703692482
4.641588833612773e9	0.0027276776467601636
4.706224849841292e9	0.003480050456652121
4.77176094893875e9	0.0035782243996681155
4.83820966492596e9	0.003122953123612227
4.9055837063650465e9	0.002261600046713869
4.973895958790056e9	0.002943770283152968
5.0431594871713705e9	0.0022892828358758127
5.113387538414332e9	0.002089122527309671
5.184593543892914e9	0.0025594060667761295
5.256791122018418e9	0.0019816615105863805
5.329994080844085e9	0.0019854450812563625
5.404216420705929e9	0.001464474286594171
5.479472336900295e9	0.0022655142996734416
5.55577622239888e9	0.0030083403238803656
5.633142670601351e9	0.0023802875895560373
5.711586478126421e9	0.003006170032927637
5.79112264764177e9	0.00289800389126825
5.871766390733261e9	0.0023457006781003494
5.953533130814373e9	0.002597252593366979
6.036438506075867e9	0.002181637816501862
6.120498372476688e9	0.003005096181415214
6.205728806776516e9	0.0035069918578519836
6.292146109610352e9	0.0031384308508856807
6.379766808606281e9	0.002926359338881194
6.468607661546323e9	0.0022570413193891544
6.558685659571424e9	0.002370170437859119
6.650018030431134e9	0.0024721347630317194
6.742622241778351e9	0.0027039580021905284
6.836516004510239e9	0.0022396460700518646
6.931717276155399e9	0.0018931685329769206
7.028244264308336e9	0.0022346274420318073
7.126115430111759e9	0.002382958594995753
7.22534949178722e9	0.003967883171851713
7.32596542821523e9	0.0033751127708526486
7.427982482564911e9	0.002856600470905763
7.531420165974362e9	0.0021017295785400055
7.636298261282257e9	0.00172842098191355
7.742636826811278e9	0.0027686604012119877
7.850456200204511e9	0.002411313269104131
7.959777002314976e9	0.002233547224141695
8.070620141149494e9	0.0026389465158861212
8.183006815867405e9	0.0014089447726002716
8.296958520834912e9	0.0016020038692628768
8.412497049736116e9	0.0024210636633090945
8.529644499741016e9	0.0025519968545948176
8.64842327573171e9	0.002430239936077644
8.768856094587444e9	0.0036555113381338622
8.890965989529173e9	0.003442322220437129
9.014776314524916e9	0.002195311961793965
9.140310748756224e9	0.0026950633827427764
9.267593301146862e9	0.001959561967315447
9.39664831495471e9	0.00176598609437017
9.527500472427305e9	0.0025731404525597868
9.660174799522646e9	0.0027099594756923935
9.794696670695385e9	0.0029772883542382523
9.931091813749784e9	0.0018428651567438067
1.0069386314760288e10	0.0018265264869804327
1.0209606623060478e10	0.0018166531718244818
1.035177955630176e10	0.0026791953293574134
1.0495932305582268e10	0.002550272844710221
1.064209244064722e10	0.0022926571841947775
1.0790287915161863e10	0.002098542887026556
1.0940547072057436e10	0.002349105549775351
1.1092898648952232e10	0.00254862758810975
1.1247371783647514e10	0.002643822941315097
1.140399601970031e10	0.00235212955803386
1.1562801312073784e10	0.0031285068289476103
1.1723818032865997e10	0.0023937912256558383
1.1887076977119028e10	0.0026984699919402593
1.2052609368708412e10	0.0032875675775854945
1.2220446866314857e10	0.0034178935285113935
1.2390621569479187e10	0.003882188983271749
1.2563166024741213e10	0.0022506111487584687
1.273811323186478e10	0.0031337284824492218
1.2915496650148832e10	0.0022478064391294942
1.3095350204826654e10	0.002971248255494102
1.3277708293554321e10	0.002071031938286109
1.3462605792989107e10	0.003683789267413489
1.3650078065460144e10	0.0029745911967610015
1.38401609657313e10	0.003150973057986642
1.4032890847858704e10	0.0022819373294114646
1.4228304572143553e10	0.0032188052840484214
1.4426439512181587e10	0.0033149174423576355
1.4627333562011295e10	0.002525076548596653
1.4831025143361027e10	0.0024489248011957143
1.5037553212997349e10	0.0028548634567030287
1.524695727017576e10	0.0024106874832936567
1.5459277364194788e10	0.0025361911997467367
1.5674554102055948e10	0.003357214422082597
1.5892828656229761e10	0.0030077991985283953
1.6114142772530159e10	0.0028460231194826968
1.6338538778098637e10	0.002430035864192978
1.656605958949915e10	0.0025574042044135695
1.6796748720926533e10	0.0023116817146295607
1.7030650292528437e10	0.002718104059309173
1.7267809038843525e10	0.0017616605711391023
1.7508270317357277e10	0.003029939278299915
1.775208011717637e10	0.00206260358530628
1.7999285067824764e10	0.002254871371522299
1.8249932448161503e10	0.003287988230404155
1.850407019542298e10	0.0039297887543003045
1.8761746914391235e10	0.0016389737330933384
1.9023011886689457e10	0.0017641451031291063
1.928791508020777e10	0.0014725438919614138
1.955650715865948e10	0.0027416710858797783
1.9828839491270676e10	0.0033018133613578853
2.0104964162605007e10	0.001989298303821739
2.0384933982524654e10	0.0017596057233663907
2.066880249629083e10	0.0021430078161765627
2.0956623994804317e10	0.002609287990545058
2.1248453524988777e10	0.0023893959384124076
2.1544346900318863e10	0.0024811653303545484
2.184436071149428e10	0.0019223403585342015
2.2148552337263596e10	0.00226830576582179
2.2456979955397713e10	0.00227925093827915
2.2769702553816757e10	0.002180887988223762
2.308677994187171e10	0.0027159268002089607
2.3408272761782955e10	0.002858666960684987
2.3734242500238655e10	0.0029747692329453413
2.406475150015422e10	0.003012167611340535
2.439986297259546e10	0.002902152804915639
2.4739641008868168e10	0.0031563088591266275
2.5084150592775406e10	0.0022779533116362807
2.5433457613046494e10	0.002534118072126435
2.578762887593799e10	0.002694040936848983
2.6146732118010868e10	0.0028605126890792103
2.6510836019085403e10	0.0026654448345282238
2.6880010215376083e10	0.002789113205841643
2.7254325312810287e10	0.0016846826941338154
2.7633852900531673e10	0.0035166337715975965
2.8018665564591908e10	0.0016793901096204174
2.840883690183307e10	0.002620607638629306
2.8804441533962967e10	0.0021636423638796056
2.920555512182745e10	0.0035151938950530636
2.9612254379880318e10	0.0022901969327599812
3.0024617090855427e10	0.0023775730419327797
3.0442722120643063e10	0.0027372908669022955
3.0866649433372757e10	0.002228094348196309
3.1296480106707516e10	0.0023169497957831508
3.173229634734973e10	0.0025884766302158376
3.217418150676379e10	0.002569861571010289
3.2622220097116737e10	0.0022115653430374743
3.307649780744243e10	0.0022900901294490746
3.3537101520029293e10	0.0028732049471334245
3.4004119327037025e10	0.0023989600842973646
3.447764054734472e10	0.001719571707135902
3.4957755743632805e10	0.0027287834510760873
3.544455673970435e10	0.002183112132728501
3.593813663804626e10	0.002064613714982699
3.643858983763539e10	0.0023613261566260754
3.694601205199312e10	0.002355329828681047
3.746050032748998e10	0.0023548078593618317
3.798215306190736e10	0.0026082572773225964
3.85110700232557e10	0.002468813892289465
3.904735236885558e10	0.002231429297172708
3.9591102664684685e10	0.0016844101005373741
4.014242490499328e10	0.0029730572723416144
4.0701424532194374e10	0.003065582756268807
4.126820845702953e10	0.0019298991551745482
4.1842885079015755e10	0.0026908284636334295
4.242556430717786e10	0.0028915386268960138
4.301635758106799e10	0.0032153731343156364
4.361537789208007e10	0.0017907966493601582
4.422273980505897e10	0.0022762507818460333
4.483855948021181e10	0.002659692438399348
4.54629546953241e10	0.0015110475677915275
4.609604486828439e10	0.0019339429709205288
4.673795107992465e10	0.002404790598910085
4.738879609717651e10	0.002193430861528267
4.804870439655126e10	0.002590777995645378
4.871780218794641e10	0.0028903824989020698
4.939621743878323e10	0.0027552633002737737
5.008407989848215e10	0.0024841295632298636
5.0781521123276726e10	0.0022129333458632107
5.148867450137488e10	0.0013343755575915906
5.220567527846986e10	0.0029133323460254507
5.293266058360568e10	0.00241719481444978
5.3669769455404785e10	0.00199869956316048
5.4417142868658905e10	0.0030033579049190853
5.517492376129117e10	0.0020334155338020787
5.594325706169388e10	0.0036214127231058574
5.6722289716445526e10	0.0032584090974634157
5.751217071841614e10	0.0016313276827627646
5.83130511352622e10	0.003133131041839736
5.9125084138318695e10	0.003494538071710126
5.99484250318942e10	0.0023334798677666926
6.078323128297239e10	0.0015025243413917392
6.162966255132944e10	0.0021981896300330623
6.248788072006886e10	0.0032001697563999137
6.335804992658243e10	0.0021297278711161246
6.424033659394205e10	0.00261976156034522
6.51349094627281e10	0.001646483088813856
6.6041939623303055e10	0.0017684657219156589
6.696160054853216e10	0.0026808740543049553
6.789406812696097e10	0.0027549643756982155
6.88395206964551e10	0.0021473091425635725
6.979813907830666e10	0.002506943925910391
7.077010661181888e10	0.0023759099109141165
7.175560918936922e10	0.0030153053917800253
7.275483529196217e10	0.002492197913782288
7.376797602527744e10	0.0015255527483563226
7.479522515621828e10	0.0014692092151700556
7.583677914997191e10	0.0024615232303911204
7.689283720758304e10	0.0027860263126891147
7.796360130405223e10	0.002452171392279995
7.904927622696437e10	0.0021184672671916943
8.015006961565411e10	0.00313521371183782
8.126619200091945e10	0.0034706985970436796
8.239785684528514e10	0.0015280794087705958
8.354528058382855e10	0.003391194477783749
8.470868266557422e10	0.003002855466498349
8.588828559546263e10	0.002834269385270815
8.708431497690724e10	0.0014219946467424153
8.829699955494086e10	0.0038880866611285024
8.952657125996385e10	0.002815370843399105
9.077326525210248e10	0.0025159152939262935
9.203731996618231e10	0.0022656986507505945
9.331897715733234e10	0.0021412319471289824
9.461848194721997e10	0.0035750713854746682
9.593608287093123e10	0.0024205978396299606
9.727203192450562e10	0.0021978662827752296
9.862658461312836e10	0.002675929205552286
1.e11	0.0038362598426357458
1.0139254075588141e11	0.0018616154401765524
1.0280447320933081e11	0.0012452848804916355
1.0423606739764038e11	0.0026835767037053544
1.0568759711848048e11	0.002307571084161807
1.071593399822671e11	0.002871578665117084
1.086515774652537e11	0.0012711432856178507
1.1016459496336546e11	0.0029002016371999593
1.116986818467825e11	0.00185788661966153
1.1325413151528128e11	0.003152267515167956
1.148312414543511e11	0.002427273770438735
1.1643031329208759e11	0.002722862445027942
1.1805165285688036e11	0.002576066764979315
1.1969557023590453e11	0.0018876072624334822
1.2136237983442415e11	0.0030934463321960317
1.2305240043592622e11	0.002082423256206989
1.247659552630869e11	0.0027612411166906946
1.2650337203959015e11	0.0027138728321252346
1.2826498305280621e11	0.001140455725769789
1.30051125217341e11	0.0026398736056600434
1.3186214013947481e11	0.001775085184912205
1.3369837418249458e11	0.001523753266709311
1.3556017853293658e11	0.002694627961470383
1.3744790926775394e11	0.003009729568759449
1.393619274224144e11	0.0017551859167746872
1.4130259905995334e11	0.0018796729588245464
1.4327029534098294e11	0.0021237182803299634
1.452653925946778e11	0.0020233099947293757
1.472882723907505e11	0.0026372831666504927
1.4933932161242532e11	0.0018738921380657089
1.514189325304352e11	0.0023533218359517156
1.5352750287804205e11	0.0034333265097847873
1.5566543592710593e11	0.002766593946785948
1.5783314056521194e11	0.0025715441890866338
1.6003103137387015e11	0.0027339706681362647
1.6225952870780865e11	0.0029798458919779365
1.6451905877536618e11	0.002205258713477717
1.6681005372000552e11	0.0029991791875262452
1.69132951702965e11	0.0022487110419729442
1.7148819698705417e11	0.0025902295347633615
1.7387624002162503e11	0.002063039128797435
1.7629753752872037e11	0.0020723789940796044
1.7875255259042322e11	0.0024526355958988445
1.812417547374239e11	0.0034502080411330685
1.8376562003881726e11	0.002659902356348676
1.8632463119315588e11	0.0030141850851172236
1.8891927762076648e11	0.002980974665865336
1.9155005555735242e11	0.0037727374156213025
1.9421746814890283e11	0.0033731042392827915
1.9692202554791745e11	0.0024749260023902995
1.9966424501097937e11	0.002927196206159924
2.0244465099768018e11	0.0027775870713524315
2.052637752709248e11	0.0017796880316219847
2.0812215699863425e11	0.002275939749367462
2.1102034285685974e11	0.002517319149392553
2.1395888713434225e11	0.0025533066044279525
2.169383518385182e11	0.0030849085413587503
2.1995930680300696e11	0.0023587507465409486
2.2302232979659415e11	0.002801998123020485
2.26128006633728e11	0.002231151593178538
2.292769312865649e11	0.0028199571271670136
2.324697059985645e11	0.0035002544698858233
2.3570694139967233e11	0.0026273791737210918
2.3898925662310538e11	0.0022478556832173213
2.4231727942376013e11	0.0026208103081223123
2.4569164629827896e11	0.002614582484679022
2.491130026067787e11	0.0036289374671388502
2.5258200269627795e11	0.003623707802490824
2.560993100258462e11	0.004463937853484599
2.5966559729348727e11	0.0017774852475854763
2.6328154656480188e11	0.0029586509870058054
2.6694784940343176e11	0.002612430051071769
2.706652070033236e11	0.0023630808022190248
2.7443433032283688e11	0.002958967604868998
2.782559402207126e11	0.0022502373208397974
2.821307675939472e11	0.002446979452156335
2.860595535175739e11	0.0027904816430670766
2.900430493863985e11	0.0038656865749057017
2.940820170587067e11	0.0028587244809101958
2.9817722900196747e11	0.002336050534713387
3.0232946844057776e11	0.0023873930228703877
3.0653952950565234e11	0.0023091731821600395
3.108082173869059e11	0.003115398980377108
3.151363484866484e11	0.0017024635824456056
3.195247505759215e11	0.0024652847723696785
3.2397426295281946e11	0.0022179846211818344
3.2848573660300397e11	0.0017756781295057901
3.330600343624597e11	0.002917443307524675
3.376980310825095e11	0.002388762430000878
3.424006137971426e11	0.002080599652074499
3.47168681892656e11	0.0017029455588668558
3.520031472796677e11	0.0023721201235279692
3.5690493456752356e11	0.002671810998901011
3.6187498124112866e11	0.0032004717979715563
3.6691423784024927e11	0.0022223377264590314
3.7202366814130664e11	0.002954592100049072
3.772042493416993e11	0.0013390298084256826
3.824569722467009e11	0.002803226642659582
3.877828414589463e11	0.003720630381011262
3.9318287557057715e11	0.00212938585549311
3.9865810735804395e11	0.0027086884199051513
4.042095839796301e11	0.001901106307837926
4.098383671757268e11	0.0019872723060758925
4.155455334718878e11	0.0022319773103088732
4.2133217438472876e11	0.002181141968777439
4.2719939663067773e11	0.002849087745167252
4.331483223376396e11	0.0020230806693352366
4.3918008925960944e11	0.001759941527412597
4.4529585099426587e11	0.0028120665669722107
4.514967772036103e11	0.0020200773786028135
4.5778405383766187e11	0.002303980464736649
4.641588833612773e11	0.00250868632522956
4.70622484984129e11	0.002191283882009515
4.771760948938751e11	0.00295870418178705
4.838209664925957e11	0.003852479497499957
4.9055837063650464e11	0.0026423957819573956
4.973895958790058e11	0.0028244861100538777
5.0431594871713684e11	0.0021543695033100028
5.113387538414334e11	0.0035689643279106214
5.1845935438929126e11	0.0015151428061448689
5.256791122018419e11	0.002589774758272636
5.329994080844082e11	0.0023024732170403043
5.404216420705926e11	0.0028094799702707315
5.4794723369002924e11	0.002368227491397531
5.555776222398881e11	0.0028177559091831137
5.63314267060135e11	0.0019743334336480857
5.711586478126425e11	0.0034548244994087036
5.791122647641771e11	0.00168516686719551
5.871766390733262e11	0.0023540706214446342
5.953533130814374e11	0.002399569002853163
6.036438506075862e11	0.0020303073668855435
6.120498372476693e11	0.001190836535607812
6.205728806776516e11	0.0023744812640839425
6.29214610961035e11	0.0023213008022894476
6.379766808606283e11	0.002532213940911098
6.468607661546322e11	0.0021593851189556862
6.558685659571425e11	0.0024619785607346953
6.650018030431133e11	0.002354345360447337
6.742622241778346e11	0.001882844638719351
6.836516004510237e11	0.0020439076320490994
6.931717276155397e11	0.002119084186651564
7.02824426430834e11	0.003433325987928269
7.126115430111759e11	0.0021600395188872516
7.225349491787225e11	0.0021712797617837215
7.325965428215233e11	0.002483353507548582
7.427982482564907e11	0.0036913690452327246
7.531420165974358e11	0.0023159952377427673
7.636298261282261e11	0.0025457539346365535
7.742636826811274e11	0.002524628638165901
7.850456200204512e11	0.0020202647342129026
7.95977700231498e11	0.002453264851666636
8.070620141149492e11	0.0026824842194341173
8.183006815867404e11	0.002827541271811316
8.296958520834917e11	0.0017415496911633542
8.412497049736116e11	0.0023431647907604463
8.529644499741017e11	0.002189834697659824
8.648423275731714e11	0.003158240823496192
8.768856094587443e11	0.0022811821264537143
8.890965989529165e11	0.0025738678641364443
9.014776314524921e11	0.002440543865715222
9.140310748756227e11	0.0022328357256635534
9.267593301146862e11	0.0021384380445412104
9.39664831495471e11	0.0010318810573214606
9.527500472427303e11	0.002180016608540227
9.660174799522643e11	0.0020509594243262467
9.79469667069539e11	0.0020045053579236553
9.931091813749781e11	0.0022294786931344834
1.0069386314760289e12	0.0020329810510257285
1.0209606623060474e12	0.0025218041259438308
1.035177955630176e12	0.0029946579356532315
1.0495932305582268e12	0.0019919258208765055
1.0642092440647225e12	0.0018443870904403697
1.079028791516186e12	0.0025437864431117636
1.0940547072057437e12	0.0019278842951100756
1.1092898648952227e12	0.00204740448482576
1.1247371783647505e12	0.0026909802084473973
1.140399601970031e12	0.002999625081939984
1.1562801312073777e12	0.0026353641957250333
1.1723818032866003e12	0.001511959765717199
1.1887076977119028e12	0.0022898432547125264
1.2052609368708413e12	0.0031920788107809685
1.2220446866314858e12	0.0021274789617190914
1.2390621569479182e12	0.0017016032622885738
1.2563166024741213e12	0.003920080373489037
1.2738113231864783e12	0.0028608573030953336
1.2915496650148828e12	0.0034729987629464826
1.3095350204826646e12	0.004452255326769913
1.3277708293554326e12	0.002892569943190734
1.3462605792989106e12	0.0018198272368884672
1.3650078065460146e12	0.0025530241003112377
1.38401609657313e12	0.0036317005843729843
1.4032890847858708e12	0.0033299236924887567
1.4228304572143552e12	0.0016052956887824697
1.4426439512181592e12	0.0018916360864637976
1.4627333562011294e12	0.00265694757365547
1.4831025143361025e12	0.0018911263907676456
1.5037553212997349e12	0.00217954726640768
1.5246957270175771e12	0.0025453063952204555
1.5459277364194778e12	0.001847201805453739
1.5674554102055947e12	0.002464235046375768
1.5892828656229766e12	0.0033312034791041626
1.611414277253016e12	0.002447288504768587
1.6338538778098635e12	0.002799300609912833
1.656605958949915e12	0.0026763102471944657
1.6796748720926526e12	0.0015963511475614936
1.703065029252843e12	0.002481345616721491
1.726780903884352e12	0.0015432708077739424
1.7508270317357268e12	0.0036484277648706877
1.7752080117176365e12	0.0027544607354699742
1.7999285067824766e12	0.0018324745948935487
1.8249932448161497e12	0.0021174155788583875
1.8504070195422979e12	0.0016539842615470868
1.8761746914391243e12	0.002234839674412695
1.9023011886689458e12	0.002117885989570524
1.9287915080207778e12	0.0034280758582348626
1.9556507158659463e12	0.002492468668776889
1.9828839491270674e12	0.002081439734889438
2.010496416260501e12	0.002280848993449007
2.038493398252464e12	0.0023797983866185504
2.066880249629082e12	0.0014952813375458795
2.0956623994804307e12	0.0029667801015722446
2.1248453524988782e12	0.0019982904084850793
2.1544346900318877e12	0.001883513753852545
2.184436071149429e12	0.0022975919943341166
2.2148552337263594e12	0.002579246241861115
2.245697995539773e12	0.00125901682850301
2.276970255381675e12	0.003677284978889318
2.308677994187172e12	0.0028209574829928543
2.3408272761782944e12	0.001735461557064301
2.3734242500238667e12	0.0028485085309950613
2.406475150015422e12	0.0022923004256725187
2.4399862972595464e12	0.0023545387473864554
2.473964100886818e12	0.002780351456226845
2.50841505927754e12	0.0029992117988318244
2.5433457613046484e12	0.003066527526321792
2.578762887593798e12	0.0022330348498876425
2.6146732118010864e12	0.0018743620179315112
2.651083601908541e12	0.001876594382191235
2.688001021537609e12	0.002305999461076697
2.7254325312810293e12	0.0021015133164136667
2.7633852900531665e12	0.0029958155064498497
2.8018665564591885e12	0.0024834414763241224
2.8408836901833066e12	0.002921376754199178
2.8804441533962974e12	0.0025306256003004603
2.9205555121827446e12	0.0022890431481289494
2.9612254379880312e12	0.0028762394817920187
3.002461709085545e12	0.004096839037585244
3.044272212064305e12	0.0021025644041379873
3.086664943337274e12	0.0041044724798036955
3.1296480106707505e12	0.0025742947580021866
3.1732296347349746e12	0.0029555285430095694
3.217418150676377e12	0.00267709567222878
3.2622220097116724e12	0.004240895191700967
3.3076497807442427e12	0.002843152553857378
3.3537101520029297e12	0.0024337717778286786
3.400411932703703e12	0.0034609123731945005
3.4477640547344707e12	0.002376203109406326
3.49577557436328e12	0.002492467757287852
3.544455673970437e12	0.00240759335781251
3.593813663804626e12	0.0019549389461632626
3.64385898376354e12	0.0018926673993588086
3.694601205199311e12	0.003163499267425126
3.7460500327489985e12	0.0024109420273243296
3.7982153061907354e12	0.0030626129296349013
3.85110700232557e12	0.0018974875171398995
3.9047352368855557e12	0.0029557809681041267
3.9591102664684683e12	0.0025409653356243773
4.0142424904993276e12	0.0021637145518384727
4.0701424532194385e12	0.0020266125804230778
4.1268208457029526e12	0.001750845550241429
4.1842885079015776e12	0.002344831023442307
4.242556430717786e12	0.002649732741515204
4.301635758106799e12	0.0033372629612197
4.3615377892080063e12	0.002250711448730717
4.422273980505896e12	0.0033451101473606876
4.483855948021183e12	0.0016705064019130356
4.546295469532408e12	0.002402688740887727
4.609604486828438e12	0.0026402578103754512
4.673795107992464e12	0.0020767835383029686
4.738879609717651e12	0.002035001447909691
4.804870439655124e12	0.0031633889286887262
4.871780218794641e12	0.0032870056182126833
4.939621743878327e12	0.0022089011659639306
5.008407989848214e12	0.0024604383820356936
5.078152112327671e12	0.0027446870188565214
5.148867450137486e12	0.0019249801053431706
5.220567527846985e12	0.0023421964734422936
5.293266058360564e12	0.0027709807335759267
5.366976945540476e12	0.0034106319069749473
5.44171428686589e12	0.004312549790937436
5.517492376129121e12	0.0022176979349612796
5.594325706169391e12	0.0032852892607807584
5.672228971644548e12	0.002315795288698401
5.751217071841611e12	0.0018043968859851262
5.831305113526219e12	0.0024701434350719803
5.912508413831871e12	0.003033904995426756
5.994842503189422e12	0.0016235701658703875
6.078323128297235e12	0.003641195661080669
6.162966255132941e12	0.003995400879386521
6.248788072006891e12	0.001953602032910933
6.335804992658238e12	0.002954625704697469
6.424033659394204e12	0.0029777911490071218
6.5134909462728125e12	0.002842627981062065
6.604193962330309e12	0.002091441725051851
6.696160054853219e12	0.0022431509676946815
6.789406812696098e12	0.002123938560534701
6.883952069645513e12	0.0030358181389923285
6.979813907830669e12	0.002701097267800607
7.07701066118189e12	0.00233171189989758
7.175560918936921e12	0.003134933687854902
7.275483529196218e12	0.0029542860982189074
7.376797602527749e12	0.002730698891097601
7.47952251562183e12	0.0018327760633872544
7.583677914997189e12	0.0018858475157513305
7.68928372075831e12	0.002037186992068328
7.796360130405221e12	0.0029590068561793216
7.904927622696437e12	0.0022046917200823075
8.01500696156541e12	0.0024126996816785902
8.126619200091941e12	0.0017224247999241633
8.239785684528512e12	0.0034639152205560558
8.354528058382855e12	0.0015853046173772438
8.470868266557419e12	0.0024546534905269205
8.58882855954626e12	0.0022008583880203103
8.708431497690723e12	0.002119630268461342
8.829699955494084e12	0.0034152993008853753
8.952657125996379e12	0.0021830791470898404
9.077326525210248e12	0.002793056401708957
9.20373199661823e12	0.0019661593555340244
9.33189771573324e12	0.003818931334723493
9.461848194721998e12	0.0022582461068786776
9.593608287093127e12	0.001730013821343154
9.72720319245056e12	0.0031016632685679536
9.862658461312834e12	0.003033763174995951
1.e13	0.0020984101719394273