1	0.000157076768041526687223511763868486184981350417923242195730426582611925401835686288971189057084134757
2	0.0001570894987739411957180579678329031068618412874389245915780985070613044021728982940669861972768142208
3	0.0001570959771306059939774647613946926863188684334029943914616525126285079552058489575240208147069128142
4	0.0001571006853449563734929846914122466791598678365614731716309023023778160838940394509634148513231449304
5	0.0001571036317831864016635440404915118568481446784001623146479579334239957483254005457210933582670769894
6	0.000157106739204360644035183311575479273954020948473747172587273728249079018589690160593146017270319364
7	0.0001571091089785759448115777192977952747374432832275334776225723196096344427751657944884053155316498903
8	0.0001571112474015151986769887189183365198315409207586586284058854672002387560489521871026422479169623182
9	0.0001571130613121478960478398804404058605421418436039037718409056703724842740279819502163980119583829363
10	0.0001571146862056379458292493450242938998422050508333818983964390431257530517075629379487282272828748657
11	0.0001571160466198409041161039729596911479275097085225981179089900010093749581827248382831817600049886526
12	0.0001571174490654827714407515219991917764171930242028410599761758761297695343888362948704053571837266664
13	0.0001571186716420947749669473372721355963228255230030226311809161950241068777039298511190546920032352731
14	0.0001571197971033033630383507170524269024311045413892514011255918353845420800206911786755845181600880187
15	0.0001571207212115092097512532930517089381026639903683024297739980410780582322333540517219878179871024995
16	0.0001571217545883233236486234579641361997575627930480551035182329557775732973426793322751715223154194273
17	0.0001571228552302503031655092874187876409923136793873026807186328688271272667845881955557977825215431056
18	0.0001571236729129970808885882352859164864029523002095153706655458176438649492335640785471425573742156149
19	0.0001571244341581179086232397302159836410566855457756514951995383594910592282195795511199402633513346398
20	0.0001571252862167814998162499177138714645237020621767371044298210915995350264872385666763738363320957776
21	0.0001571259723695904987786740952514367702638033533375084545088319229697771916888581174091846637052202099
22	0.0001571266456328767684948995616832605581704228490017837902197559468129420307502592989659759462526688062
23	0.0001571273120748691213000004388165918534471244199507401208952438731782734133748162058193014486262172414
24	0.0001571281248189708433197478782532050815138104597022934458339694481416579715823776891138668485370894128
25	0.0001571287578023611176017555467408612465664300182350614474665576669204572745085313013528981557473488072
26	0.0001571292985034201675919949586407326936326404442860804174316404245605465792603168405680583691922567162
27	0.0001571298736443734571029803901463631178807178473481245727612939938498904521694129709944065183297976214
28	0.0001571304475486158929586198994075695407387710601099241574188749959557167416348621504108902950313018514
29	0.0001571309495556834819830625255136883433896327038596250759742030164307538252255442111488465707153120069
30	0.0001571315628492757318364610321743637655031799002603622950777029619286504948977628168269348085738559439
31	0.0001571320617407603541951579079771449481780802527602675366178766483237922927904837915080463654284145933
32	0.0001571324572094762222640123099260193272500338729315385996306793989869413500089874023758591134671087933
33	0.0001571329148739598977408644141805896093023775659353186879060398415698657754734479163192165899203817644
34	0.0001571334115201343079305383359662847598148028698247097405495168294806644619912299985214842527200615519
35	0.0001571339458508863712743935955371235140812359220136965886563034248047935755995332998269067277626316413
36	0.0001571343525814546345245239349968653784980590811649800125221278491788807155995441218195218108942172519
37	0.0001571347353973981073185791217088512929779118299766488461210568171615426689035805182113139823733910676
38	0.0001571351849579620215790728019456458534746962779250150473679031361483384903348829146484067137953321836
39	0.0001571355307756312639698574094228578510263263850988407030241742082753252198763277193163870684152402041
40	0.0001571359324073228409166909080786059082717132648659200932120398850991698207629098203262552481931359652
41	0.0001571363109415198808033348668590665370011189655298953589343418912812009858446549300996390622913648076
42	0.0001571366923399034138197290291692787497835412710945168663727123929117171104636563198734079659563850263
43	0.0001571370786462743645343694502214526480945469380150589457815915068373697081216954559892445033438747504
44	0.0001571374671073184587198249754041243175540458732816138783997363075170674700726966326862586839439168873
45	0.0001571377967159594847494705301716252331798408184728617631530749840075771017928789089538551980744560201
46	0.0001571381000053297222579310865040209789690098535165240224648955366992285243916095755843590345239854221
47	0.0001571383748068204708072427288171924075446985602169362026786505647803288004397299127082011955552431842
48	0.0001571387604795930595270952977644636473382151691568661370999518462839841845724074965193378154694187241
49	0.0001571391440991795155075010972912343274769382028945833882771082154249366172056455776741346777973911895
50	0.0001571394925889765782841418669488467382097686325726770862521838105574092096465455379555237932639193004
51	0.0001571396618006817771977066881164939404969513176325426573449945660538162020211093639990591084418721648
52	0.0001571400946162103410110689486335406226620846366816816382103975780966821121777895263981406662789210019
53	0.0001571403945974407020188059330107807499045375789323880117315130558972988710648352023214154371504719997
54	0.0001571406427873749164741448749963555428376761597147476666354170441864484010382448713073891138201403108
55	0.000157140924591171883883092782795319262728055367197539170336882979676505407573091608726115735073046591
56	0.0001571411681292832449248469803476158106292297259438085668446544167314447409749196965522521096291457165
57	0.0001571415355646608904157424192680629798637038677720866694865889182496050446395952713812468428706163609
58	0.0001571417415323043129206935466410001762093858254463159102795560680921613293911332263588936228762262279
59	0.0001571420274290919662031634803254725148997579875650582695151985247866615919941903559407161359694990988
60	0.0001571422926068100214428829910482999775321139399437666651773263195078217035064489403977896593917035967
61	0.0001571425340697583667049049104679593290972030190169204810406938946745771496230766442653998995305430669
62	0.0001571428119619528053272937904586664807598188096614181805735271231104470348383190955241274037182456948
63	0.0001571430689312881307290212323270083961929907125570125943857076269225731785392999477643319744403001665
64	0.0001571432962802224787119800374502672018928669055712985074345522949073184175752217678262442852208209412
65	0.000157143546110417073449642613021962686569114552047566723337762787900913413563999304065543749630378599
66	0.000157143785867025853814886694886273628804544149655500109397483233415384824810142023993078187690291208
67	0.0001571439755943337907447213180268664247114011705832375505690861827600478912737184082387171545699733879
68	0.000157144244734849783476862504687295823422563197759254081410142872669889579422190890575442280894315333
69	0.0001571444353012014753413050680046308601112738427415026471825058062801803334100492557562393854568630834
70	0.0001571446922981397387264440680236757292100333326701796237858605649807640977888720392276451110552783975
71	0.0001571448910859512741515948984420047005398375162762306727837350347240071319734785639052332422547056263
72	0.0001571451641502790110422325099309564333537200416217234441095584909248581223665928282278030156985646356
73	0.0001571453275520576763339973203920950853539672580616344535441815087621851593511904122652163316467651915
74	0.0001571455580269181606548541290818454602919595214063010796209757624017304969145316375387987317140348651
75	0.0001571457399888711136303094762544451912459034554518214245788531210809248216631648405101558447724076955
76	0.0001571459650565034126229069605427062220006466535144112318846521889071802546013562736521316251101765522
77	0.0001571461852901337363879623195173741226360887437857727171984630943692626966941122080076894752709370122
78	0.0001571463473529864345200009541566944560460493268519242294248377359818210097876756146074928131813997872
79	0.0001571465809866245330619027419334281980487866102040519707195007954988043472313787127371283552053415214
80	0.0001571467094506604091177180132257931830769532487702618848123231654264057972779366511410521386962360413
81	0.0001571469701477497714660698351954844834438252911794312010529353689020063067775182674942280444040456857
82	0.0001571471695708717757647157145712952217110101653584396098884775695028058471273352135964798599566202691
83	0.0001571473893571521623238249430875944563130994661598406311412518059778609740613830902225576405222779602
84	0.0001571475229585784600229549504098203958163749247936336197623101693793135964500130462031357014168157167
85	0.0001571476760781964074252762577460379878888103831791128628477324894850016765351655860613485238809205064
86	0.0001571479314298770926258839253897427803190677555177957169330689082405176966123381934499931849165862561
87	0.0001571480871591707262241587789770609540963928123972574693300723165251863960792293837400312381383288378
88	0.0001571482494888388612600583545254663233814978401274232553310433925132696337334529379625423814641142914
89	0.0001571483771266857896174150011471893037702845007870668174676597190333549908845642037029992870278425946
90	0.0001571486323136794768448592620977381225127103742565352938699273032972451199181166006447784899501121789
91	0.0001571488084438087365845396659735621760499377074998190651610059955378820456265165773265640152599993291
92	0.0001571489410677465892795229137449147868468995865686903634630658180939615068766935407430074831988980184
93	0.00015714916224297361289713773713860378683861794253362297641432978024898765409657855441116493896044575
94	0.0001571492952707145668836897369158213618604566276350841615551201291020606742765419492343348887836716066
95	0.0001571494065899785331775866692013479186680110773753016514903603981588041631082758268267833167266495304
96	0.0001571496271881356563534745483333741634803762728575328745396397536846060679867036049718231116671643688
97	0.0001571497609437881192332027990281185663055777181813830450576005485980299996637134233168760337136658361
98	0.0001571499391088280052306039352889706424122663489144356784322374100897196006914910912671927450816508174
99	0.0001571501077488665615827945496101178170748497041428471528887523376190588435661390373523142670921322498
100	0.0001571502761649975630565570612828667484894216180321794085795309706197181731881245348947767792325422974
101	0.0001571504437483083102537561121949016125055096188079364450344950949745974176629328576870444153833770988
102	0.0001571505346773105420341102979193834705349060466907011668393167792892828370474937429749254861578607796
103	0.0001571507322947833409643800055260572437422208574795167983161962386097666793992108861496263780718431813
104	0.0001571508844471137820509612667335488201292631229791612975361410160007392283961795614252355236648041341
105	0.000157150990196789756937618508061900379316493086761843697113020761272071350364934313964821167931426664
106	0.0001571511536003688184491440232953033767926200389476074823828992998878237666983937665580582809014752321
107	0.0001571513156937756323131515357608329832079536757074907694427672440029686239401575348103832108413534516
108	0.0001571514542612095754835272139869957527034093320593239383464696322295561222372927008939612014553361003
109	0.0001571516089179738620310962277881770083000088325499767975598236663325259424319603990008561774177542336
110	0.0001571517615096566449379723153510626667375959189931661926911878831884479329490154923227442592153503514
111	0.0001571518480659662441543247355357720334230982348389771109935735785859984099371390164978504044103730128
112	0.0001571520258608574354562629387728544839425058684594884623409561002807350728140577949670743089743671912
113	0.0001571521857213409570587038604404552345465066794142813945093869474375788832218601229952392433795865211
114	0.0001571523411175109508664698970770254110619981660353512499838196794833848981705831401925128350634017725
115	0.0001571524128347259670212022225754827114791464424023795104571411765754527211257053573917640397612331584
116	0.0001571525957851684732090161882035845627973617279176162067201901043759705507815542887776163981829431926
117	0.0001571527301184130560459164922200893797445535638982105679686235234054371557468640804474959587082067211
118	0.0001571528360827200515672030417053048842522381613141882580020963543466538096388702113826953639446911949
119	0.0001571530251962086612985064200601185501273138402260036056986177432000446873680817036787872493422643294
120	0.0001571530887422815768484389250330761124633711511448266523437668034657123251013831046021893534821244191
121	0.0001571532686354914263483432562361446950055971686569182447543465809422258600456897950458938563374592726
122	0.0001571533573555613595215439613701165794292759692732239758931319821214158437396679166559488112672383757
123	0.0001571535129952368389202804622813729336634650541173131695715078476865316414709790471739763275499327169
124	0.0001571536060492415225177539156584387093317528354372427786167313610010066165242134712737857778630058609
125	0.0001571537249537413351579213269610169939883637603030416521384169057964448529739826965835853689378735066
126	0.0001571538988683291346545881056729362967235886685135009160329784853926139481852612887658647896318268851
127	0.0001571539773658276871384459627526784960313727197758550302482435123056232339532020468266830749668199482
128	0.0001571540882709932539876408983570272512397649880511046520322445746642291315610492632078589980447087453
129	0.0001571542546306501398821512961100524113586588292710087702148151064675391363842543520986992294855714994
130	0.0001571543523608447066341568971553334137045389325838056206091214150988640725014968874236810539190933224
131	0.0001571544863312203314824621930271495799402910870882493404346515711884135915066840523595267208615187627
132	0.0001571546181159872376626290628798438187722097449330784952071145703484966889501197850764990460172822888
133	0.0001571546965813452598998549869305824287959543254692606059066063689966607576866768163513921865205260989
134	0.0001571548302780478077274014827186987499240064000038848554098541053053611606736487391038088087267773974
135	0.0001571549690704769494518407393868007274428208694876943129532130735940034643790653779141851379572307559
136	0.000157155052969854464803479917600404063537472146295326755636188498358337287522366012842802909893466689
137	0.0001571552049521503834118663608408559642956178801640714040583770150673546997560507875474470982420149047
138	0.0001571552978321926196778188619830818414772223845337004381632994803804659574224748009920401095355224858
139	0.0001571554209036184468604432472562175919304162937297683571096481589141794648927337413003826937763442495
140	0.0001571555086661199234852158215927827373882360843328047419038913805321492647867303632616914695636646326
141	0.0001571556421150926786465248815666437030025116217460655614046221612199069402535562240808189118853867641
142	0.0001571557707354194465759835323251734760980064629481914490512512719121080475659648355078080075739839778
143	0.0001571558495545888880804334335576222256486117392802675411475609315889973669217806435730946338718762155
144	0.0001571559508355960636251800198654491653127178743720459095362200968948153377489555084151099133906308587
145	0.0001571560942318227293432614550326241649425357940595157254320504293082319456362371394980307947754428159
146	0.0001571561555152072517679404726604444794429295332827726456587309570838250879557172854558194297510667784
147	0.000157156318550051817092753879353496781339147591117422855451829079321695364522239103271610047936178467
148	0.0001571563646508451824094317096265194419200625174915359475013534830554598531835430847322092410767692968
149	0.0001571565273356290644919787756868250639866548560910400085479340143225080854308202172083018058652590105
150	0.0001571566311484884575815657303982066251456442501743207502528335581932013666355685153486159660625146354
151	0.000157156748746050791506482116751058690897726849106074886782007758984987179823747269441728976248015073
152	0.0001571568297024417957972662634561325628482638762834451972019627479702272867068746756340818019865788379
153	0.0001571569190204954806023791550406625754740166383204934996365765649788439188141213700931323104887180565
154	0.0001571570033677227952610114745201450075718532312641582915513950804192697837928021799269992253334861971
155	0.0001571571774680291800835632645342048364509575087062261220501815439906014474036523240495442473104020736
156	0.0001571572153294532298400011877724373034803417317389542053560258774997455703922765299113800365186891128
157	0.0001571573324736509317102411307083278801982524110747186480294926227811304935604225463739695501201061039
158	0.0001571574346374601610084046547957460787702704653429882793636756590859338975278684289076488687717320348
159	0.0001571575146613275828410511428047738712471270227172845428327015453201020312792067135474612060544249952
160	0.0001571576388247511245779210412619265704684615890598469679404130735915480633240804987302645522335127464
161	0.0001571577220787333313215104919174074606033603419473889286670351595244273183624280120781747957947684885
162	0.0001571578231355734501030184427339872139853691508029743886178745626530446160386400684272293366217505574
163	0.0001571579111303081079685592860550824738487612323884516378285796335960142699606945944193241485583670581
164	0.0001571580198806868910840774401558151209845343214736634088727376033603588751011875459970046787307968195
165	0.0001571581267123501291154716238497703533651634228983510539070717133008267117095447942915782962832194174
166	0.0001571581919773202314506207304031945371525488474798437717879981611029428230942202533577243739912835336
167	0.0001571582990068714999210886147335326958565876656263646809543109697251244082681191878998371817229056284
168	0.0001571583527452507369968253520099466445133905187913125958630431008527930842526952218525505284084307621
169	0.0001571584816575990535513957664929689790577649915105710242017301258834567302947748177785729020155463868
170	0.0001571585683872758666232984047727201938648992685836033979844203817441637096081250180051221999282959671
171	0.0001571586550017326337243943780618437613275512833364949510839602078709925589269318895432708901680355803
172	0.0001571587802301916079632495721547204375668207541096150420491038200549567813429880555326655259975271973
173	0.0001571588170606782002459489110330981484659185458392153008940811579393778723058937921381777358007017345
174	0.0001571589075946409028054431185957969131353828355365880002121390284113023323740984515725207056212278433
175	0.0001571590483233338119763011911918267850620315624196622010182264759884244734488712117972101770310278938
176	0.000157159119143268906936206101292231782547886245654314448382217435379178693988027660567500501835246449
177	0.0001571591937555823977474869902138262176593224375180203310395337891678495595130025173332754544672725535
178	0.0001571592915542524252977433697612116700807455605801924374770207072656635174771322758977843574567493337
179	0.0001571593803213806613222084960045695901026608373396310152193760092463918147855303966554230941774463346
180	0.0001571594562263157116292721030251175052356678886456177719839525162753609339509547207577743618993041843
181	0.0001571595334742895734676604234791339087033218653974944099846974253899851301183454118323890265230108742
182	0.0001571596197680266485293575411425461952217206576792941962107780787778853090650320815129618051844941998
183	0.0001571597495627958412862663754811597729650699447503004882142626297985103702967682515321336980345075813
184	0.0001571597975290643236512662453084461060962948426889262810928896813242987393659742626081187633549736872
185	0.0001571598509453733237970567914049127775482580049814896175732660552168848689802197488267472906319532426
186	0.0001571599589696589202164204473178137668029516759139237913357083558155202371932283646256992041161736092
187	0.0001571600656356025972705662241367256348061385576239527532817674982332865471969017981572997282795364127
188	0.0001571601468197919580786962015142937924418177400654173768740224780737204085487970526486238752782329537
189	0.0001571602401695893464683260524681685061980872434139606094133110729097592082857225215652044400890918873
190	0.0001571602825192404031667504962975098153512371848145868028176027080539443193346973170282345259644179315
191	0.0001571604031516974796876846712202633039212991753838067715477499094344149230547873934794777589550383194
192	0.0001571604950055143855004392166768765208274335007024703019408524662130840240032354631335378721137146378
193	0.0001571605849001094599861286182329445672706287216150940183936152063618928380006012859434940193859559881
194	0.0001571606311328662456924531299701494171949368233038072751367486406172667312920157816729045174206697911
195	0.000157160758639697917523099294721470407834407318715170266825687594799230102517140421941635947846132184
196	0.000157160784324785902987219054542173264573969317228124252051625714754772665911238328050975585355551335
197	0.00015716090419110987127958075830533142498133065767637442115162924161675415139329950746769176911178452
198	0.0001571609575768138623729063835144186471421926395397811899033412876709007418852116265522155122751097188
199	0.0001571610715242125793288575524819598274167642612146622670929226004927480775743687686716073556566037901
200	0.0001571611356295594909177326925378517471910067779345068672926643519062574858538375240774572232505725576
201	0.0001571611682461919141820545360131495708990852796343602629188289571797532639198067983644399007385090873
202	0.0001571612977031566772152218518017035019618731559074589468735878124141611915302190311109005529096459487
203	0.0001571613608575989161665829531443991719630675283756171973558102715427385707955532706250462370890347099
204	0.0001571614501396929443401218047560541001646179894697080040599742642768045387032243934846989437032469816
205	0.000157161514714912212165017844438988602622516467610939690587003213516957691246018196277666216135307967
206	0.0001571615941935364001969692758680104085795579096413804802604780713300895640712356808386587517031906432
207	0.0001571616538874011007649156317412101253363258286600866098775559862784489096122388104296998777237459287
208	0.0001571617307781697330245291942379300587666549014519729478737409304745294720090660878833584763046854157
209	0.0001571618064598478361347332370253359283040235572795204899402056490649706574296982638603513178669609456
210	0.000157161901059417428944512025770962814343338041195392622243002053035304141635972182069651483857532587
211	0.0001571619391502578069941193612880826127140389561890210897679405441683820617010341081633534905603067803
212	0.0001571620317034221343339944720774726127409693505013323509856198810696896852314615433876662973889490439
213	0.000157162091174039968932242959213690426947240612596029478332931909595340451927089320039765721982792004
214	0.0001571621893124780220410032824906869874324450799279478126238234089585278925883610951977538732247634108
215	0.000157162258741579344473334934763107395217966030836653155674090518248514845919016110700599015949342452
216	0.0001571623042559171588524543640711512327312479880072393090979279577581848609214162785291107262354830002
217	0.0001571623892456360861713522732578137929921997951410323682293908070106763595404493353985110847277923956
218	0.0001571624830908123554551079194949145869060384782839899264778337733651671514431971654388629292213823709
219	0.0001571625442784005952662233037919943338498450359491301960464048442870753834406960584692035312084706899
220	0.0001571625961169319641991988535900557204521975659637652214617206932297295674708933172489115843106440232
221	0.000157162655429826895466163748717737847623284211218933952767839230306062507795264947038329667235659644
222	0.0001571627341095676832444574520557336642227971222324941670504453812733557169879184632509891157179235461
223	0.0001571628230854201443814656500103913018100222717020459820546808145945417479548082203971473496173037294
224	0.0001571629252173024548505993636061259171111870668533949390484909138565537644674756373758566464069788395
225	0.0001571629919757072091353184321305423315559558636769279722829202343093530375932663362312185788220785089
226	0.0001571630590269325188536507738360264782824526140732517293151780163652153947459159892824671074205184993
227	0.0001571631299387574427769957563057720709400117194987923582737228676167270351542831494459905863522422705
228	0.0001571631741585086429665517232096930929720663660913327296916864309799424400598959533649396620094571388
229	0.0001571632141782934167182278705049934106394459839733915561463116152910998780165657093739273955821509131
230	0.0001571632838714959060273613894385384452893799400279290431212273694443123721547170179209271828024694511
231	0.0001571633941581238892740948085143706177677489479470740550343350238874222740016558897621437893348527345
232	0.0001571634510346715723074748970596680294019447518919409497914503143014920383212716011194407909034888563
233	0.0001571634855806810638462253781079993231071067465280924633767362877435221304618797864115401042218858483
234	0.0001571636048362045156611946616999357766044248843227217393399014058022111263035318579575319092582238311
235	0.000157163646649214720232536918652604479975916190456322475846849094501424279228334519822808876670590197
236	0.0001571637155140987047949613477548203946246035093788095283802629709288006038444862442242067695813200412
237	0.0001571637713114157220862759835482510503079399490643559581796852182396947616049853668551697712976449843
238	0.000157163852847657026305666889292374700251173000444860485072193679581587613362048959871743097406300281
239	0.0001571639293415775851904861905981992579465925640127870600481511025919176088095518446246966119294392389
240	0.000157163998377870068334926541986113965023715552150700647401139579891926337279022941589382020543661226
241	0.0001571640145522726641379432958441623309632193900156806490246870563577748172100833056023963427157383852
242	0.0001571641112683487699496174039573048148030950344088757770193135281293867985067926107951136479207622345
243	0.0001571641874526118228178747212561203723087814773026402005728057546511509644229000832190041560925071582
244	0.000157164242042436866072855652021113602996443350418698529280095675117899338154325662590638640995683533
245	0.0001571642685108929906054747533853155868684862395537443496733250683435710708897724704668182991118600276
246	0.0001571643716886853233449992010109105957489782547175475531567775775769736920645304650596093962195045294
247	0.0001571644206572858238754018079036047480134034442392262139823625389285574940491430537026757113307103556
248	0.0001571644827758790887907423752176388770902321126277515229274556393835160420913851342430530208396525042
249	0.0001571645402285158111373035514096300240436131237346751080693455854971217459769947371195603556747445116
250	0.0001571646399612647661852230443367577620084283512312554272071500035206336943190533895896917595103646937
251	0.0001571647056365870117854447481096523486586093671706942712196271924520968645945313050888549409625937491
252	0.0001571647529938543778854072565918791940862696371306865141848025388537394532648968556443823556020307347
253	0.0001571648098710875351544330074961102025163066269972091072438314570006283627443506623556178159802576574
254	0.0001571648571735459908538872960408953894158947396132417413718312364415281337036058242363307536733225339
255	0.0001571649416704368238573226932084963237599193752086473332489029553922774654683454491315723742013794208
256	0.0001571649934987170276259663009972474107782647063630795612896592035733306353327844706562950744226911166
257	0.0001571650567363497320943626036038849655705747996844242351847291439170694213943635370596399679728108192
258	0.0001571651054667550703382254999837991390559924494330285919462133120974177515473681639747029588669082474
259	0.0001571651666953265544591551287237783768351583636260813169420123430836394376434573270465337724024034091
260	0.000157165217200884668271139307361168128483399163355767460025010287513134206733824467146619172199105883
261	0.0001571652818532476060563161629491494496474011010060762319351524989000817887309366921639181351301953991
262	0.0001571653717112166777822484367784827915589689300555964060357268556026459637273697277977892270869147683
263	0.0001571654206647374478237233940372147121999317445321512380466873267270594419120243522830456787336278398
264	0.0001571654736175366596741581245526400170684829425193129656180280855543216059444795003129204610170055818
265	0.0001571655346079567525551657562260618570918811309239284551109006528705519960918117703757207934615672579
266	0.0001571655746045980219872930507669526148891955969768507924525997222230873105567538942602114316567236826
267	0.0001571656497704217546493122488287793157408719729273502853323627362471251950123983051229645453072595061
268	0.0001571657489089933502418593039486409178575906343515122864702734055346990706994406021985730423524515564
269	0.0001571657575641468475202015483870642054457403919947243859055919631680548432358382958184986316343873803
270	0.0001571658452059166042419111023417145261907444514007605649860233364774903350934043578407212681066171101
271	0.0001571658758930931317876979768786299778662280210691687672895145565725741241647154324787127095509303853
272	0.0001571659287876752218694441089013010358330643633497385103554131378911398030058483942406241889748567392
273	0.000157165994419283320708365371594844107127392063770101293288115434362976113338080600923809146048010442
274	0.0001571660132952594499667086248690630525156780656115151260172474001326606755547558778047425964554244447
275	0.0001571661196234663141154992008763656866075076080211519890226085648128336582220092842558780248642161492
276	0.0001571661770281241979415665389434324660932589944787793376805747464636319970579263679844274567979911283
277	0.0001571662282113209168958670001071548893379665090732440810041124675674934803302143729902757477372621356
278	0.0001571662844916444466230667109709228851786616087265858516953965449992022231266174525327475098211944311
279	0.0001571663418632969035529913400825068363022456452537235305917320780850615900895391954233128707793159984
280	0.0001571663977790045343869954169644478500108145244637509032158237844965852172001191926275903263945036426
281	0.0001571664406909044784079782779298140997896395390669377013857010899218683016583727300074975848631760839
282	0.0001571665386068915638530201733090567686514124429893662265667640118535071422471924068602408744524068894
283	0.0001571665801175357736039817423619403204054995177668299095994934770924341504658951376141927143644330424
284	0.0001571666401488820578727683329729406177977821689471064631747879872721866173739856689108803690615163405
285	0.0001571666935586341618294620121617599976934918957997916693546722728426419269187630604800115427779595877
286	0.0001571667469784977215872133535833167555156232051082193798574661925531264476430344706595955034776394512
287	0.0001571667673199787780778602181561600990332752346040267623711021110144478504754650300104152108946911797
288	0.0001571668265195602279137675765336836653739347051451391047911485956526792084902965733514902176973829989
289	0.0001571669114847869035116690023647965242868595157627037641074636325112702064374192160060949078469768946
290	0.0001571669562817413572490914261912722558602785477185933503594865856159473625428505508047564421139989426
291	0.0001571669889522727893255584313107409686398644722697669703192008717614358487930135994873709011520021357
292	0.0001571670450845008861714563402145092086199725027511591310017601611863624954555318989795764273109477994
293	0.0001571670989452318612408409938699220491336239702480127681943336701858687043930123090458746719400731443
294	0.0001571671731247066077572352841508732003698274438345506772416795882674640297078124318992076234940610054
295	0.0001571672527230424521217372486139424625752007590692896577472492146899359371692240181720113679923949389
296	0.0001571672514126472258438193688381718734712271651199883060467159101634982447829455175937376999785535182
297	0.0001571673387913726553333537835485936109308478514911000370993042357859280352655297267716880123383586721
298	0.0001571673606208687739884232812666205607830419169142718419546006773340651722613290302109753005953840677
299	0.000157167435600381292777371371010497474558544897534013304551267457715335432457949320028618126431240267
300	0.0001571674886072436612188919793414519751370465009388649307578077736306699621694589563256353111094691006
301	0.0001571675274465970259327041601858826744817110312068961670900566978035909153586191131922607148293633426
302	0.000157167574681568714545643217378347046453766212662575681352386976464013507787023023428954253452026872
303	0.0001571676541663594337986948187297740099921608757980648050110691166167797658205080093911619399749401564
304	0.0001571676959518627050463473129366036840870642522085192096279276044185064241767282727777241058683731483
305	0.0001571677630436529740806031384149008330742380591125538446082514606881539862967089434345030276582499333
306	0.0001571677888520491003972857112465872544865919819014759047167399327890431758714144863886111936106626162
307	0.0001571678526011400344968488866520912014515204266663145656063708172765918591360046066208729059026183571
308	0.0001571678825401417482063038036799220693261184112059262705849943630020409176342056399361186255808242549
309	0.0001571679543212299856866950725325380501477455008191212354715421779160779872635965710573408138162933827
310	0.0001571679948456026212993810769630370425520227910047966822095056069509712675637139083649836259703247252
311	0.0001571680541021124902039392209453180454752799729048385669840184989720814176481361468035164215795001118
312	0.0001571681171465148121749463326831991087637991757353906592524891320716506180979245117806755710421141502
313	0.0001571681578352937570511101695458513077326859607165628950647982040725986397758359935660568372695609727
314	0.0001571681917483997064057082585217301375385634369413718938951262230320866423832974889519119396471143306
315	0.0001571682366564387172147277222194442793612429675238575719472511199894654562068761449512734797184511717
316	0.0001571682941543203264691611082785535902071603949684732270806327513026229905344333537942056933182749395
317	0.0001571683433731361014895298087205832559358194579380852502481680455578657767554555547087517936509430838
318	0.0001571684240654826859487478434140744970892754077285068598442579093259404688363243117731124928960286973
319	0.0001571684301604086294653791084398567666014370081844309025058400984147178421802958730762424688168617314
320	0.0001571684803245924083162484160288658123727924568179869143787837006375876507437945041717079068508332108
321	0.0001571685525669690216940907347960657580113976633537135211783793191257258074127285315326999901765704054
322	0.0001571685848419015182910714537722441642000598960714726165508598718968639891795457104204079950517747108
323	0.0001571686480581754625858747787567235240739648639571650599882002660154956668525570982230053883307768508
324	0.0001571686814706768542179314954856138301687562148076518650198339721026107996251988966979571228740067868
325	0.000157168767179053133036055058407231118552031546851196495030250928673879400471218378868460942022148617
326	0.0001571687639576156560663766824343472354718066136690228990110903273922879789933556455461250009191802963
327	0.0001571688328456623330304102353089823981114690525499398477734690949784308739384498140601418416377270485
328	0.0001571688890958853444892278176186728666964825487997581417141888484382889825798196376090092644902995254
329	0.0001571689340992531263581933057602181390345204023881608972636934166764351068047636179027386283140022196
330	0.0001571689892666653868010203595969395983396136027882114578645891529678596685344824201544139484247891056
331	0.0001571690145483438783356318105358877577663863644974554006711245890685752115598899116085007866603731017
332	0.0001571690753942071141361017589413270471810745754884319865205879733590857280762941129788312024757555799
333	0.0001571691146514271157221081182673412068312299505351447584391371813619260524466353223569369289729990905
334	0.0001571691401465030644093194265539110160200721994656113980049319457816438328957407927696812133485113676
335	0.0001571692161040321989492503562640559503211984864717015581053498747617029699516153115793409089423889974
336	0.0001571692542954447935610811529310250002231845221096757992951935595390853673243736704184703790873085078
337	0.0001571692967889441481424029325711180558388703473156599226360626922726848552899905557616517914851331508
338	0.0001571693367478651636553731289688487140766600242011121778579224709488505213582474635994930845849292318
339	0.0001571693904005468787520741782207641801452807023351601178727954414915703470660820784043723130050788283
340	0.00015716943560386631922430157588103894912517164980788025832309748615342114569680705215179717870617802
341	0.0001571694670958322595695887082921662583047945278056632360326877349714958789739756930467727780383150968
342	0.0001571695433362220767232194140967519519227390441364895481566127209156494930613382497638827325143661865
343	0.0001571695622231998832788740674744021685613910752105978059107967556561562756425356515977231156623457959
344	0.0001571696260201071523912827663914358376123358104481657016670620186765599699721378531980491758635022361
345	0.00015716967313051508562603692006416987288439778830586646491526469893646796320527143856410291145451818
346	0.0001571697492563423414489268851664833401584186569748731362550271085702866241412916386993840113996773273
347	0.0001571697665940438237319482705218934016336935734005038973136091802464564885385445360182522894793879025
348	0.0001571698024061390015024515746415218155732406982309608722608587687627207480714632752971836753258445071
349	0.00015716986211226638473464590942216145416470335584224580761178438717505127029938476980154059239722281
350	0.0001571698887858967205136294298683845204890363244153022467561587153220971301089311578046218663411710049
351	0.0001571699546565741105697029795798770789064587058201176662408588050887597826146763249453504033838526667
352	0.0001571700083031761639848918908124108733012872075227224710162654889389224466479059471799863878808773037
353	0.0001571700386486851138400783536509764379672817439600194671746688573809618776020048359182517226024945449
354	0.0001571700964556868869719516664890552291270955217577587782281554703783559735057010108447764141494176232
355	0.00015717010200924217482040891061835011240928997194499111078970956103775850350603189307403952047595855
356	0.0001571701833720581315082161744120852946023077883815676754768205471663124162382358801609267157328954592
357	0.0001571702482826913396738415595876501662688464893821297387946932669628478303851381854936632783408481119
358	0.0001571702658921307791203966793226433808295488585759885887775916920486179215143182047578898413409365572
359	0.0001571703004489684234434000745641846914823630226968377390114361939199162195123239450576984162751617954
360	0.0001571703190240785837771585245220775796742027754643938108473739928322092346662619530006944601143660024
361	0.000157170380669637415166225219727104910933538886143842775251577181593257991585900609848180994243457058
362	0.0001571704195770297412029495820445801969654201744584631185789982484709761925611720142930315362002027747
363	0.0001571704725301821752895886414818961033648976490207833653775972316428887157948474838257982041782981656
364	0.0001571705137097252944539450097650955986828716614594163341181269300316814556224917677115185994153440163
365	0.0001571705446129966630484908112805097670576458742685274475828306499727317743722043939641844692349846183
366	0.0001571706061939554200574477797218066506849828685822557720658915187458002415867699626902172381218831135
367	0.00015717067020148437763222762925500596157786165725331888324459182253643665073874152192688980087960207
368	0.0001571706966921258520494636893007101593318073848856670344370741701594359760078399145472368462927759023
369	0.0001571707156048045852643507779172877421114772527012823043942504350542669937179521828073113849623413843
370	0.0001571707874959842727752118130033171546108000563495090471019005553012785061799063970812133100732530983
371	0.0001571708070776018103199565252276327310940628018592700695516885571147345330652488327475996857775776321
372	0.0001571708475671381605770461106790075937335204568074910491837426635519205336425566470697179926295828339
373	0.0001571708794713593712472637588353595959833076782591884324750880716291036388673214447890648452418336317
374	0.0001571709338613501048570332277787582101435192143898898627615291876736178473379319345625815550839434781
375	0.0001571709982533948934637282327392091285663514036934619211685640658422038902512320388959870493100303306
376	0.0001571710269789375191939890784030819998576118505708734148401952447343961859515161209247600372264953993
377	0.0001571710618575970857917569819665074058602528120454721622892650883137076452916968280756207806619099835
378	0.0001571711276250848443188075434996156656415603134945308481710263102766586830061248598358584219149227824
379	0.0001571711538829837142574067290872069213490810697724193153802508857201156353088200688592003103906857361
380	0.0001571711913759018782195308880222837193314770502741362258283892386552718415621516715120994964328296715
381	0.0001571712441593496742524550739255588684597239723172982329303553415586499202268453828418638219842400538
382	0.0001571712696705003233426117390306436715076502180134791001309298907784358608047120755759430541647135582
383	0.0001571713153496338997421402807281219988773712812178695677547409738449512935968100195542173152630243997
384	0.0001571713575683215318588158080532949216945690644982725798186783257477004403384447324068511779154737831
385	0.0001571713903120834757842278051499261635797058857619742102137166738802608478137267628319952623124191241
386	0.0001571714470032439014546123238554008275468838360025042471335950014081753138844048387319644685152007875
387	0.0001571714892479801615440895440883813043308305004956558255028020406565597114436801437814064742669534882
388	0.0001571715194381318762922532284335947344793078138034480760557075353130835298115290062897370826975559417
389	0.0001571715653709581811725737975415535450272660241821677659668049726295407053851095355609066324499329179
390	0.000157171570141292993416197548906129994813259857470253948507007755538232090879035928358519960076433861
391	0.000157171650693841005758055071944784119454268731816213365831732745426085698419356211102826807783911758
392	0.0001571716891029524411977764152533776541014586470876344271164360855061831077053230136200864851897178668
393	0.000157171718785667221266400796111936759484998448271965898283378120579426486096108442607923953411163155
394	0.0001571717635437418237449025807435995414119636218924486871877439086320556555227247420500495989535635639
395	0.0001571718076690482412162896072016789219053447771372389003084612043040192821942061431035213787349104923
396	0.0001571718170829379783667422955156138886624916202709759890900579772961182239162349374024368235071934622
397	0.0001571718605852035139779226315763836873245004817640939177173034074369242363333140768685996941063854322
398	0.0001571719374833962210789995447550856701990306771424336082888672271945163912467853350520435865083458601
399	0.0001571719498601975962088497659035288412164237600049268680522260481455676289665187090807701165763529889
400	0.0001571720051235741424980500443001415560732440857086321747276297743129453240496112563209319837480360385