1	0.000157076588399393211327884431224278787952919066809307035581393948460731337381844942094051584473303431
2	0.0001570894650900458705700838305090209080675485221537357202761013399059433300627392857909041541478721383
3	0.0001570963918363170857163704245011180299864485417502696853832703432083130300860283529897347860603310084
4	0.00015710058240388229132409742085611343373896011229904461078616077767243426834042762004883091181126758
5	0.0001571040579964300261731090010521963966589657822875245938987263659533340027016389862086612968324842996
6	0.0001571069284764561045206835301955375405465756834211921296081596460794800439994605496999189667556314209
7	0.0001571093342505411753215847635175220178551935531044864704442046307985989718481096986587407172091329859
8	0.0001571112363179084532855065293403539404288062175760796510781906145336451782961648822812172056281830941
9	0.000157112969231023856063873160916474696949466260583329311433272576237484075103068451168039609020311768
10	0.0001571144725148011483362706479265801719865454678803939652397899589932779168025410897798686800694342893
11	0.0001571161976945487045265865068244366659977464150436173557338729319171482763952108537533919394721437398
12	0.0001571174151171941610306429480846842781510116714876313318488351825137150680207096526835424979605769057
13	0.0001571188588070228879715487681552800944997413424810718210744008471940507418067882707680477974661847088
14	0.0001571198535828926669221113618117089367812633416571683220397260682483396037597462708640349673207562104
15	0.0001571206610216884222994664975579719569855182393759424974492786135056836828213005298114988859450146426
16	0.0001571219312558439171567343457360415012450374888941308200943539909970000870109761544972045932038978672
17	0.0001571227078538319128892992057909523373740775885281472627520454492179782649623509116342741137209238109
18	0.00015712355130154627340488037721122839839151395961404208316156444362949409372919600637972047667476603
19	0.0001571244469502320038953850669495771926806049449448777312335686321055007990191210740060716679238894078
20	0.0001571251404157241809818999125565648528464091014376938490785611148454791713175534667541165778608369639
21	0.0001571258037710045198425572122567866463148853427260244369231145843891630954839381236407479652348609699
22	0.0001571268746817236792693815868350632032512315582298401413866660284698199927775714484865107544066154736
23	0.00015712741949075454714072689766477394945475402850330548185033011151580120943836205609705046815915535
24	0.0001571280674311397171464829502427438499180250205343142428222060248765599861759097896692836526229212769
25	0.0001571285955626614023980612801993969839459578526494112325433990772903202964670543816945275836174131084
26	0.0001571291870545188684830137501049081961501561413768559287433218506116956160287375424133618374572422748
27	0.0001571298337605309689492868518854089466626486730734096475597835202723687547769406550414105736382856725
28	0.0001571306018608657303356807662073153229177437569167577932306506466397071827832577877191813432640414888
29	0.0001571310261983489456399872612921856883957581691201166191501958735977815001740135923564344358588176306
30	0.0001571314682111603065658885683870972633568454501231585507378587087045692749953533204722099672930376117
31	0.0001571319013903731248964708777179346628820177386307432380190618035284256617996389418378805040503561664
32	0.000157132468818769001629451068787759660586178065158163347124004819146910075037105002258681879568835989
33	0.0001571329477165690495483118364885301506770385978666272463657995000924255285845994481690795542959390578
34	0.0001571334523538845770768254727574911523430488892966290895613746080163310898896833697835879605469104725
35	0.0001571338063056122841393578275610066778227929251929598776213679930545850491607914361844069456582443821
36	0.0001571342844636561470112350744840775386512737429936256278086222774109770912301274910972800219029768381
37	0.0001571347734445835752792322789108912623715217226859587394337267109889342560378268769904371232109191298
38	0.0001571351701887989582077568669459208836290670602249522968481117820138105150560219332226417576466604782
39	0.000157135506750021036574905785550926455503091012469227295528073058714218864899592101207603384137004075
40	0.0001571359270639147484903435637900646422289889519876839501847960469383557772321613012485850025359758575
41	0.0001571363888245712429941909645435585610102211888279631792475718168409768262580455163124261118940705978
42	0.0001571367876571118455875397952711356361368617193573747876692462416967229771834071243873698334523931258
43	0.000157137076537152042324732178224755683116683283152892256482259038527811600748215313177145384760501311
44	0.0001571374147375990499792427799028474348222487133382526609204300830948190440850549108265604175052940466
45	0.0001571377634860557037198691302640159930575296633016095795532846900096010875668047558168286438869942273
46	0.0001571380975549013854138786433893993240286295750293291652784830960172221532917525862278076623845365717
47	0.0001571384438391255706059665159542402093864395722798737711567447724795650580652767755723738189637091683
48	0.0001571389607400721991190951936581802692861513228481187377111597118089512296045573285904350828365164004
49	0.0001571391524189356479539210441399042124757482095971620213790161440749979772639713793031627080659441085
50	0.0001571394861961259329783751853476969891203219232091745302212032775055043349590087391929090290195484739
51	0.0001571396460230122091421113034855736972580070337471837844701185135731348541071663153348014893120066924
52	0.0001571400125346428403781200201848989900847705972976608658519086169809401915289439276876612228483009649
53	0.0001571404238575544106001365167559086671890459487876355086443981073497073779699003098637695929931418744
54	0.0001571406026709729406849617951262626556637784101452228496705333540906955806404740844010049399045943196
55	0.0001571409363247415942848597716680988345536310366878170793386405792446545261215621225068595864518509802
56	0.0001571411737419266249183716590034600002299392944311797312672094352313984802400360156004803194146871394
57	0.0001571414934860223746171764975229464756604701577322250746009932976124761069438354661886687510996676837
58	0.0001571416851763780033069080139961631939277804951443681916749509581431654883978780438401251758007578673
59	0.0001571420100991419590404004139992624099083183848291568409897154499093196676747056347494074568796749824
60	0.0001571422557287885096237115500743315454762085697223614133831551561485311911493158759798313635976412371
61	0.0001571425028792936223278222363540459067292266992296042288692787849448241039743271673462789125325278388
62	0.0001571427208118599584482266443879932096540796590216687621199918586802913986157744818213722953975674733
63	0.0001571430765974681350003901824863931067243305551337224290033347639350219431957531388514524631299601989
64	0.0001571432363835263165682233029768923459242176244737528970817467331064505984284705124393339016280411044
65	0.0001571435463634383232682686170958988783811922277038822310125827720722259049209140579485262151443125955
66	0.0001571438303299181646156117009554513375734769967146722342374762766486910456664097990309670967288323041
67	0.0001571439297911813009194209638024157554283907216576659454722084245493769602583189066237938130420966007
68	0.0001571442423165216060091523015726432027739748928634190906138511350481470933070028652076255714238740251
69	0.0001571444245672667954156428957318836979682110154957631649497554168018119370997886806045418763619631401
70	0.0001571446317828651517149161924354437584367480523620917328590095912131987691054361232690320818380508734
71	0.0001571448999141441054460555119478997059116045318290594266875441032222071187375452984189445636902438638
72	0.0001571451294675285216107718301917666970755774473891820311344400258926683269780220439950266364066450499
73	0.0001571454132014080909838939818001593851071610729810653161606542305224424311271712650240395402270616833
74	0.0001571455465523188594500938279331400101094295259877925653022032513310710646780438295273137322052377577
75	0.000157145763911311927914507604427976240249099223891825654500735788398646362884593837407735481208008525
76	0.0001571459715661850663228738656071467639015217534846638363363411005095429631739741958884648408041476214
77	0.0001571461904063049604327751984689135739315632419813204961964149224844724359309876446749147446992447277
78	0.0001571463773957805438696322934059879023427970126813451052861527134036530817037603211499530801643438044
79	0.0001571466382153807455203086056260991094501316051687451780443840994690973237195827357478671142285192523
80	0.0001571467327945422993795516848674630333318931592029224409940425320534118557259281616270540465934940578
81	0.0001571469120345669196084204972903707078961467524723622393274091968868359775397277882424824621572726922
82	0.0001571472155928241996098265739179580010223451530467322584796689686595368422488535168582763433118250827
83	0.0001571473468707657278171161345053323830676769199620874045298606840975143796977348687402433324537939222
84	0.0001571475270756605796072903039628294667193202018414709955274863851168130036115931192698751206014268638
85	0.000157147625623942828321404762062433023829291140366167497867075768974432795328907091447648643730385687
86	0.0001571479401685008157649158506070992363942283468689933353680525597734687333697731634568054213189417975
87	0.0001571481344933224216910341397745293553237543467139787604360774749532089961465969469251180040406297953
88	0.000157148253470089447966660493583652891899572883518440408260589994106959391778290779894665240644205844
89	0.0001571484097259149712302560724822832021982794967504056951230979469059408353625851573951330946725202554
90	0.0001571486815097760102156971901689267490167303845043588690774710588401061188580271003633866892473811468
91	0.0001571487564061971535012498588850773856456112478456370048708900126747231442059594358207406542779666687
92	0.0001571489438751749150318963425217254060526021725230145988760237030742371126734013705284331148149346516
93	0.0001571490999856471614795131803706837787128397021514877274687831508132710701566620089318872829223732765
94	0.0001571492301192943243534562154587548063408079405590102108537079346790054247326655662518318252277892079
95	0.0001571494302730484870470210731319003497780815371541971967272134371678470553106755483318523495591371541
96	0.0001571496767606258856751214924580753340353099498182880889685029960679887513896931291402621459974264271
97	0.0001571498220479134516676363534725221123534548747329901385791563645521614828595744540843911215692921684
98	0.000157149955448326787996292109605011306620605759035149435961666376663509613935541814402054721373922821
99	0.0001571500633397570892918773800982114154831732578124675116106566055628896705487951982036983089332752283
100	0.0001571502666557480220648523616070709935000900118876131368191280120824697187064486069820548361087317604
101	0.0001571503931287776000983466627323709366391757753571685105533132949305647203808241457876442158339544466
102	0.0001571506322862735083488731896718306087773223929571209748114184730661755692148349979495878491085188874
103	0.0001571506853496209584764396711195859569431973216340945356035600399285726699984738101961172043064345703
104	0.000157150899009998416566224659581270922062759588423626211959020368843145383485022144763315343264187422
105	0.000157150996273973493371466898797502230617175764459259893124645878242034474618107434566477001276553249
106	0.0001571511464611551869306235602191232227655592706992369643000349523280461731603384581912014600370230646
107	0.0001571513318118018254524449741850682726298574853708696180637401488464697752177161645650992815540602924
108	0.0001571514689835923958978607898348016488019584374231582985409527088300753380148554754877519354018116567
109	0.0001571515853538456258383175469370881481218886383044691350561513713920451103574716761297718900496380268
110	0.0001571517449566393150689273806337696705217353288032595204085066160413016109142756578661263685010473197
111	0.000157151866383499206854548276254239611000046340762746182967140834925124266995018827423350971780612636
112	0.0001571520231974915546066899697300177070293081534753690186086517704348529110488456833533645196918228903
113	0.0001571521816412189367832196712295462902057037475967120660380706370691791497105307871079722814312346513
114	0.0001571523113857077008084799491270257630332971186602471211818853618177610204042673519070372736267283572
115	0.0001571524397013347515598837789008098793937204670798122214002677812601297226440555410911108797743527802
116	0.0001571525734217420861787643778811138741225099999735621001892812029594162344526072726863559013527332494
117	0.0001571526993798503625552960996326196172338141151112057107858239367621999612154682754764112305291833687
118	0.0001571528395112821815442098459544534931804267523134449549817713902989846015908182882647338838731916945
119	0.0001571530583364814038390048890269546591583598963774229213366207871839297134896635191371633579392998412
120	0.0001571531143992595294094348342064102370943936147042857525746073584657378182485036152688975636017870965
121	0.0001571532601968919555109623234788172185537147651683894860119458819596341093064431563092275143313834223
122	0.0001571533509345345726737129957414348863111574397568081734170441472143404613554311047422984911582350886
123	0.0001571535248443453985718053669045125068354577558346107567320966655662707984200328806611942491615281697
124	0.0001571536369622484651645048308230832154407779072922715721832572120736660146852298722954398203239197533
125	0.0001571537790569917026007733330903145648504248660831631877334896052064597147991932280004072960509437846
126	0.0001571538948939652592022878834231887010539778910733943523201126067374801343916765714597726550134645527
127	0.0001571540014683586989207294101154307647583458175659208955003403989965048641485064934660120183676020569
128	0.0001571541103852320242137245822889466414921239547530042618123367576355438620400370471733316477199011825
129	0.0001571542665700824115373825880576975466359697073035751194870415460492565171421913049474558474731104785
130	0.0001571543103340003843619283214735104767534597938025814024200907937959912026331120413263923463317238704
131	0.0001571544453999608599719639807507500989783149190364284429946726239992119075941321798290816431770293481
132	0.0001571546533215387568770998201226718872937773543336190069201773392368199231076453040558682816706497987
133	0.0001571547051884691319192778912667052615245609059655737455998987957635102645347795661699689308898320516
134	0.0001571548062128128743615981006733476809229472508915510093029918028084234399968143933274139215095057465
135	0.0001571549673008612537613578411257560997454399098971794008308351957036355721742940507364338665415377262
136	0.0001571550163634706166652375373356339488003624881251720867262087400603633766342969113446099628712779433
137	0.000157155192048607890039185408952943644338822609326519879745219397890145991882020761928635706413710307
138	0.0001571552979728687031718907380738408895225724732321945996221578740836607806198957399931408088442495274
139	0.0001571554185128729906953609000817066054278851293402120923423770067812030611043068149595884219033359614
140	0.0001571554553116399145457716375391012374770690265470019581597088580933564041648240775110693976906305368
141	0.0001571555993965181123155072877685977940080872787678703504283290506654264613849795520045265110978305144
142	0.0001571557525334038976738260562824196067591492485449719784235181262260121971003428141057543248050279346
143	0.0001571558804210074586313875543248914835193340571872732556718761074545213612196632125483682676160698462
144	0.0001571559895743172173860531111108981767393118869737021536558733889083266782526437448741811613521988206
145	0.0001571560908454144880379265511352623663733361922933604795689460500392103387062108632005265435077146343
146	0.0001571561479116214997125633450976404684876268107644316092724695536191357976102216433377271409477155644
147	0.0001571562881190480651496691062372980807080701838500491056825730343012288394564837529362020485343387669
148	0.0001571563986842071863518703950666929247097367375221153973802694522911987614185875625859567523928601023
149	0.0001571565044932748822373140476280002689863315752702563313788284515840387479577861897090923584908862992
150	0.0001571566083671830576400871775688399461994406888865248658294757008320818800284834959770287991919301169
151	0.0001571567563057779340304523738747293263160009207110636698896937256527703463430740890358849817642166381
152	0.0001571568324145059464848520577015339677713886247138969652170052024080493879798907615992833710472404502
153	0.0001571569497541704458540909222193622677972619103253767788403864201135204324399003728787233450153038129
154	0.0001571570492028977462454082878780656632902642721952575288084306469568093448607064089358805010219791851
155	0.0001571572117532738500559257451336607878907572093027364171247597416696833740630566650699753894972339541
156	0.0001571572342486514664399999935074380389514955754919263825748709142060896597504723417964505278505031384
157	0.000157157286297696422902270483476991104786133115900953558685701423551676620782058644388266923630584699
158	0.0001571574316588615018959492685398511821673103395820397964504670228654647798040661719509581959423671454
159	0.0001571575431998124862700199986081220398671688043980247543485388723143704090021752875559678647532686317
160	0.0001571576014201553330620474335467650557322358751093822702835249979269981183138465041225358952893933382
161	0.0001571577376927336217088771353460669722852716731185561178897378172288438479929097359845280101106368664
162	0.0001571577590028116761563515780855187380478670104654706898156856693818842480252889889254248249997392466
163	0.0001571578635427935147387351764404254714581607085737232049530410956549107091350489309649625889641064826
164	0.0001571580537384101357298574842414847548539088531192570937343861665933697475027718715009290713785332502
165	0.0001571581097752355679953863294844761173197256162022438307137467435231994912417358971785829376647277622
166	0.0001571581786507593371484173959696311369416717512513657342726793274346767925758240564126960067239279004
167	0.0001571583013375906134179335768380764209830841806412876945441832899062264496543480936038820366819410095
168	0.0001571583892131943132159343670165948612034750066389559615072155246458418676836148889810807739064252666
169	0.0001571584507446628455334387707740473249836277734230652799859014032864765635767287878630971288142657809
170	0.0001571585826806551213186887376245991818398543716612610922451442402055113253400990603251639679733162874
171	0.0001571586756384049860477465565470274428925957174297803137172960569865198182226162903341083072748639632
172	0.0001571587411464564060279951228527275231889318315443670460059434462333258525244887583386937080028389765
173	0.0001571588640657027111491310111010917166711349545849096421557931174537307255798166987652290901316069114
174	0.0001571589186706002005316954363976445909801648778641040021561189936916601839162918299993387263404195071
175	0.0001571590182035362416184639793710886156867696438561987952177878992206455299819323859485885700051693162
176	0.0001571591469921902909472979800852543579406564826966204074116313480365910172188663199712056010251548688
177	0.000157159228509381849847122644736674696893995314386235621359165566618883633393902778323677714054998978
178	0.0001571592752620572522786865515841383973790770213347871056115642935357661648873126459496589850809558094
179	0.0001571593666753216666593799977839174171909047733459816520204545290860293259506555841109186502649308211
180	0.0001571594510214465015685497577674632117939265490546266587315709397432990309429059556791200375835453936
181	0.0001571595288187333669632773585847449084674118488573272798352121992440556250472565456553192769722581329
182	0.0001571596114975453952330404101405289073869220534869687482411773275712060000138624969593437742441100767
183	0.0001571597103439696569106270229350523879408166993691893782323023236253540810619004989930823867006748014
184	0.0001571598030908402923240456658766148642248710740448890740060183365743790371661714046343660529022583084
185	0.0001571599117454259984847553112217941746806560681505200956144934564064743222923625801006376773107125249
186	0.000157160002449622590721777374642370583826776973082390222019659049300084182930448213948184922960327211
187	0.000157160092848482389418560004002414695058387345452014418250183071536099377005471778536373939712118145
188	0.0001571601697748463132412180226311697734696745941438369714127069498053138034093339756526235463686340247
189	0.0001571602150878665423874622168297295143094682926421250410066735920463545989715678617446630215197547582
190	0.0001571602800686422847883784011370511758283563075096435498929366962066664238637485558833368192251235187
191	0.0001571604133380366924988629656265002605989009580351853124890926229591366209275490885118498618439982751
192	0.0001571605047735286124018865695572096964031599024415951585439525403891368759918191805610071056580321777
193	0.0001571605752877891522782746819589783376916082254787117961430299673195386858217389406904202741090874075
194	0.0001571606700171168577178544844661105335886563752407540640114524696578142121235969898967382408574163925
195	0.0001571607324705651902708287549565936908863369729097284091463658369089211434805935664197120394949888622
196	0.0001571608138172693817183223710748908475139361575956707103184110263618653174119084204504613972934759
197	0.0001571608480092393067683695680288006665499746716677842185531970991053932927230688493194389467452943616
198	0.0001571609701558494255073221274149618472713099703425457749903311004130716024783637295860116994027273697
199	0.0001571610336452216246978575946151542216834070634681531820039825187857043086633527105532808133367575914
200	0.0001571611511904409881288840437711424036979582675823816697568788783414558726186004917265090673093311626
201	0.0001571611764701675422053035175474694984978005474545602913212826480501690995237132800768074788869740466
202	0.0001571612784425028734777775340478045813187466738401108462762616761194410738353805531143685853234058763
203	0.0001571613780737599782538459723203309626408294886843355685613563878997745087771801490068187092664716459
204	0.0001571614524273926230148909760178900555657183618331764964578359933967640517023259254429485258846143682
205	0.0001571614895264472241665524047507042405279640957294248728083591239041898812349436707131692439725521288
206	0.0001571615986993733106388733083408108826783545586666550904016528724019190084778184256826377244121968754
207	0.0001571616488262795127399549042463350488235362687318439982890658045796314039774598811960360976543832271
208	0.0001571617321793991308853468366879097661638360291080069156418202613977616632943831960123071977308243324
209	0.0001571618519821719210116285981541045741371174497827095500214440285283516863542986009542438135658444231
210	0.0001571618608740519585615505003421532405747767208191524592433899723185401114820682611098522497248019596
211	0.0001571619492065011714627253809579133076797418379615138465735223016709280190618855315059040886937145156
212	0.0001571620347400903541187765667690201986677053709141342597723555195736247199407929498384005630397312224
213	0.000157162054640169865648102027581997663416157927963782008787785248632202998445643849881468973479655048
214	0.0001571622171467011972612511719952747278754920615590168403645513650499192079240363292350427629130945498
215	0.0001571622597955931867488507566893536675671175771513989023028977841887411642382546694019754526467044764
216	0.0001571623246173544390557578785721553412312331833991218722965543180075566678718048261859137658052864009
217	0.0001571624142664380880233739991347062161804645117977198064228111913940839760861029755490428713337820311
218	0.0001571624464603139291244749938338619820675474148869002824815382370509351323248569093412593770518319261
219	0.0001571625318079055720067693150479966787080641941420676346227241348102213715428058764231866249609519821
220	0.0001571626779718557750764353726142085650938435549780643852546224270386060406645758480719948446355856133
221	0.0001571626427404329975518957756123495991978475466752109731827674238736201974895587889179067642575755415
222	0.0001571627622210222396955073577263318675492287728864085089988806614687287055516651918107296904178527522
223	0.0001571628236037208676673485973095842230242657897388892168294217527068146115965547443535094582166980081
224	0.0001571628806389851688873473026205125462573097615200409932696073704430364476551969259451687082021911924
225	0.0001571629340996156032974633302766784408028837735067562944825075736573039817760706166389461187767148658
226	0.0001571630590724502669542905644421094060374226443656318240385662029029525718013128935169784772692968916
227	0.0001571631067224094551443521016431203071728887414035740590179032907935529985399347608626217615246192928
228	0.0001571631786933141594549551965492682986129472199720184596162253463478678024063341631175812351265412096
229	0.0001571632589211461469185134834513511337385996338070826732663718453413632263013567253464255748108230562
230	0.0001571632780430931579727442533598049843866509752251198132251539105077349002804516595276752044109905438
231	0.0001571634109011582241538961800856582317175044557719199466594323410754223911802681737172710658744854221
232	0.0001571634372082587563924657769319874412833873872035536416029848110986790496882995745831893017477929068
233	0.0001571635209689682989097332783426627025154805832418569436152630684775375721282906363307845043001140115
234	0.0001571635666891278663411812536777860595003418060899707050916402308986109344648908484757423093251483361
235	0.0001571636800440818574212534025543008367152293428743489276138363694527892624917204116746891425071799465
236	0.0001571637053890813289999781635014726540383520530431541516503218748928458502317700104099634160346267192
237	0.0001571638386893225230878641008117926463854965190140263993194906751115821257767598988475162845199163785
238	0.0001571638404243681627701857133868543921780427983036635122493006932684283664670653488696459533090368271
239	0.0001571639322926022702597985272408399061170035271005074365824631491624965568075705486493075518855081632
240	0.000157163978925111050803850102032834951169742510031073821263137161492896474958619845168382340740657265
241	0.0001571640848464581387751058353974724021158278259956473146571701882418412007463058863562077855778427128
242	0.0001571641013817576549924061778841741693570173089770598321057410438065179932537931591903101610676290958
243	0.0001571641771074883484893949174753347849747583680864773643969530303198352733820840021264728077740140767
244	0.0001571642308359038015007561139328322428661839631345382414245743757309204340256162032246759968163135413
245	0.0001571643401667986444641135933755087338874095375496588435731521002148349364529681580475041316575953477
246	0.000157164340472300553285809195361182296507955115604811502334126483070007447970506318513637061780737708
247	0.00015716447512614652627147284342127910473709839407627663351539353216862211222384620132391067230279407
248	0.0001571645279167228193860236571924289028441700706313179953728118881427493072368443227590080412695592938
249	0.0001571645375834302589680229651353278851533492106729983192240120869512581186878849579094169157542691417
250	0.0001571646505844961365119420304375456496005582422301231794989977297857939581371940564962315363944378044
251	0.0001571646991509838882238042866815950201253566615706315498820342798069735192333334984554769320556218203
252	0.0001571647477100418622184502604888524046345975851869432607180576693751330897507838424786448103000110087
253	0.000157164798628214612474381374135369845235166198031014195203816420359831489173112663439758439923670392
254	0.0001571648574794944399449831044223255774968462562835020573832786479491099222612092736725317018945318561
255	0.0001571649108340365740268002436579414137413275002472643787475011401258402358719368855081750007795655751
256	0.0001571649550453542353535025113696693002353592819172362246895507755588366652750440714712109855856818346
257	0.0001571650889049887690323586825205888297076541123805993293082462353618943053101250554197016763656195518
258	0.0001571651199549587915122534417372771396505282095229185395358672923002329872242002182859192920391092477
259	0.000157165196840642256667338266087987107006793330775308740251281759303366253226674144913505052822289721
260	0.0001571652628316126900258079309549135994894482234792529379829966012064894651164403414783341764295034118
261	0.0001571653374873181971565595452717221265384405990593898012612542204221152906031124307367343514967413457
262	0.0001571653468798869851749716805784817160731804624999097105983692854828405543172685528265316822808137384
263	0.0001571654623006885227562985201427320855971699546924353346026174146854737866162876581093416355499458907
264	0.0001571654906338443316088851731637837172861356448504492688877239509461756784579724304340308406614868849
265	0.0001571655384801990817688488182352492600119222453106938982342877574865580378819443655904756264839810624
266	0.0001571655831759989232442741955933812560378129228876845478828749317539595013951449293163756937262729582
267	0.0001571656452444663356440223545063983674200867542600745764403907821262264405551184112651453532486194251
268	0.0001571656845717144250401299769073092686755651023205036089340063292402310766660323296552841815949018183
269	0.0001571657700022634640157106350894770079216030308841073369026369511928339833086560655351020225034139955
270	0.000157165811908988575615640690706440832534644949694547693117411813516903899479430012733525201314681883
271	0.0001571658527788637356640643405025245984531722613265471972706762477540563155005916300988633660617879767
272	0.0001571659352462991999609988130998959105787556794112790581586486553063781079790556101630487392026539592
273	0.0001571659685392652361952423605328075754533471771248431143812250947037160869046244353534628033029750327
274	0.0001571660508370235738259826445938235529627747051368064687091733971287993869395570049682099690405472992
275	0.0001571661073524675686836861633361017667608147105824572925177611905744183530321485895922568010881044361
276	0.0001571661585477960392866939472447547395174785393774848113886207748785659863471795310210361284941908258
277	0.0001571662167332208943736368720710704374209541645137248943560528957117296520638297268004201425615809342
278	0.0001571662664208533665251465658799350960168739030931144876894843621814540687747016699222581783139240299
279	0.0001571663135204021792903381956953134161144009865499405241422825008511616609645390330044298856035721611
280	0.0001571663737084901738277164325792401828441261340063599310930575459823914079835704459083670431966142415
281	0.0001571664333653944597428971850305816842235807070297458379453733551479307186547261780099724748444654138
282	0.0001571665304520231175937894251870797116186759498728440887870214596740503091960929964381786318176508725
283	0.0001571665759259593082561433266555949413322452332847967402097430734777961766380181440325965941782184407
284	0.0001571666006674681524846042152244856793563633171722932981505494585608235289292438306459248769839755297
285	0.0001571666591553106544046693783181748632610606695904350371650221297981120166147020946179338825427574924
286	0.0001571667130064051503264802677732171141319938990957760023307363109141393692626347869878818732735194853
287	0.0001571667593095404072358411611435483120064340635269345950021544471486793871815910402540892342989125502
288	0.0001571668586948459105241395490638720331929997361881050410587790701076838754112302611712366863538598236
289	0.0001571669243108965069696525173394789034710092013095408753865956379513874881767799243241521674907956179
290	0.0001571669786318086582820306387582977316253618292061912748328128678997246199182734137014277590657160903
291	0.0001571670304105663524484517202763259018016029995340212943079346936302670261147864080972510975076339588
292	0.0001571670600603153398153080319245695885030743443270529707830892436075148870994923604307632586600101259
293	0.0001571671028759320402636440192075117393453677380756222972778979977166793091051555279733832677911577649
294	0.0001571671856970327491842653766766757378109547893468257981729469019995047096791571156806064713096911285
295	0.0001571672121130261207960213745873692790885609367202592640852731026490399118420096451221338322441593298
296	0.0001571672665370470163418559299090437288715253221180276493479193330177765867571163329236881920824522349
297	0.0001571673062429038095622486620838048533817934600736163706268099050969532937213804853965444027638652544
298	0.0001571673814529340235896558210132208553734287258035881245759494750057030714019026009610574266440779489
299	0.0001571674190824862467406669677340647610618599356343456743766012034160733459686656951869253477723796575
300	0.00015716748685601650742403069118134937877193026157879565769392398766980153075982719066704009628810648
301	0.000157167543572761077334502170232133770514529333222498759289530467366836875817939225899952653429245982
302	0.0001571675860887169412188865776332427896370455006188466835454674725254287864885768102352259102508155197
303	0.0001571676740083875346494689162768698252252220498485710055513060688143982141751070587475474924893820332
304	0.0001571676847754168885422168325848862385502461996393507365922282202972915258178472958079702486701761222
305	0.000157167774800935318511521342010148253791244891676232720486737419482058149455836951825409595662748343
306	0.0001571678024578383165775398364868352136136029199275247820211923671406909655263947618407653113766543706
307	0.0001571678493820808538549973058904300421322034549929316811254155955315366875295069543170079055098881181
308	0.0001571678525121168829492640818438614618307293721261650025786380828257573051836675878516273088207240049
309	0.000157167969390465728612826499538812317383253149043376406570699146554135656069038438258722504686899316
310	0.0001571680018787886084344219370539061786811234081262257888225577989196417900507571236562170739853810734
311	0.0001571680209184611429435991756103443473317782009587283833617572660443390262909799597893200545008612874
312	0.0001571681073030026841163271345479422470717483768245571539806021719319905440367106046378584128415079199
313	0.0001571681630831900991913075403856574304162574002147200101497229559066117153338242826058141922239252707
314	0.0001571682158644409815846421607443650443865133289217451211660745809961204627745882142801547050375098726
315	0.0001571682282236965153194764983734726371178885148484959098215581018526793147243134664958749313790337626
316	0.0001571682173333205560336530404684368368941819157136451147303868156725651241250383143981537862690608555
317	0.0001571683528764246392580010600140788725790517602385217097040451785589925663253611352683059224407153475
318	0.0001571683474207540546059943867192493771198762509683008382791295574246048859528729778587234047635784538
319	0.0001571684717162430256133908515604578932482835669427446418685889689912290896044849911777867244514149412
320	0.0001571685316427736711221181993784606367017787496027993068051284718963341444577586661531335117531068425
321	0.0001571685250363530148959766365850988885420271363276697728639078336940590366345075570726777606109941826
322	0.0001571685980252976424254043830160100293572992253923831895635408747474132627813847865073809751563356458
323	0.0001571686459119111278217517874698384221620014140565470643171889127181804450407204107525563912373658711
324	0.0001571686842751169728453913246243140596291419674091750944472698891368469495919564283245696333570716985
325	0.0001571687337867172572064083463430507260225137026860072084148995642212217349473526768324112705837365995
326	0.0001571687691179578168287372024522523773654029962505269810883117308608959626346654173769099338132546151
327	0.0001571688258283944724434015335678855527284677145882982545264544060753487136254238815091637062976592637
328	0.000157168858340443044813927772463846682494011645651359324074678244164863963573416206145843184244552693
329	0.000157168946096893110332034946936209643250404220781064798305638358610914173254147046816538630707919837
330	0.0001571689744227058590952921134513395440561863734561807040319954500435443817108538946444577624419379754
331	0.0001571689781013155172457751889822701914600121634291493032610877272737521157533657878597015556062234174
332	0.0001571690962474568550654098364161037532829981621170212420100116510844722814411384545388192000023175853
333	0.0001571691273357156106899359827816412101480778399657285254264721689578279408370752898829792152624139213
334	0.0001571691970697244077285514557969892372061074345050761100063999223842014099131237338470425890813073059
335	0.0001571692549215265015208262309455710704200657466681869615496372372826967413099064418722357754124571744
336	0.0001571692527375717116156313536809855268329163447032146193651096207909694059611482334390698084734312569
337	0.0001571693210403783958525193654381391572784065019742930699403383391715101958526366365534582816052766129
338	0.0001571693538960751324994489490889646229935859858500173412533345666157900242850725546430179405365101357
339	0.000157169375254514980075340480276105718284748161451412655140497481450247518579029645815499383837551491
340	0.0001571694570931445538547213695704829020499465624251698959350449961133126679958899595224309611161962981
341	0.0001571695075761957045229829392038561641956144493060215497281399721957783610029230267142572329498399046
342	0.000157169544233778733252304775471376544103490827346693599655970146343193800324584074449584467708948658
343	0.0001571695928776998132217647220112293632600928812500438141338166374152269128539461670732301063085898471
344	0.0001571696212917577864719213522210568894113398487418425403094887068782695591552155823332518516794644511
345	0.000157169687673508089385424728024318489052545856602964720589510667503568729304520164849727412155385802
346	0.0001571697239688637872590244682333081622804943399003322415382234322072595927256055462506870726961500438
347	0.0001571697851915098724124105228320040976120855396231257191605219463691534485201793159185083971845234894
348	0.0001571697920278630522281050028123078734463925014554727533478011553058179894090529098299232124646060033
349	0.0001571698495491677038014001739664207246075314218062065477989783843002054169296453780302996913009379682
350	0.0001571699259675188227963905165990818414551212440612234578686264444918169706018201108653634162718248844
351	0.0001571699736143028377063584402307417537438062237206450085377289118138720989280477175413952640081399813
352	0.0001571699681146696643156990241832472084486282965241200566036716249280606761014873894906732433907813493
353	0.0001571700276443997306881092662391537495170649410849514081027388739462291151590216427828478783354124412
354	0.0001571700530920365011660196089667768972397886789469654684095417890408696454225160122470302430508988721
355	0.0001571700786978898854745628213762761179618825524772374360342026620023282233367370147416938691785930736
356	0.0001571701653440731281555015305504007525472504904937295614759941889142616732535618414062182630321788289
357	0.0001571702092123210139241671034764447904610333178341203812509939469297997610936256757610655012348954162
358	0.0001571702343350047238683470202087718275562578336478132824152555351553127269545279975233903346203598837
359	0.0001571702804890685162868857994269264523501366883570463353147296960696558149963819502267674447077768848
360	0.0001571703565985057825463605095973378179959128099188936085021762093363114605896832087278055476669790387
361	0.0001571703990398304462440410727821464983328804553526148908732433057435101359010572539761081475548297617
362	0.0001571704275567292263819098699104176901841869496515421047356294924621574414030824893946035300559275334
363	0.0001571704845112788030773605027378751492284065862136286334871016784818755896675944052508339617537331846
364	0.0001571705299798566069064615511244208606714743614748195977162018701414140583723483926956638845796884516
365	0.0001571705636711034874027168301112460680236552659079969793755408697110131513534079908913839059155981988
366	0.0001571706024699902336323143091943777638724731325643604820590217881241599430081305103322099735182413346
367	0.0001571706671592472468629578736297176943805499650306351260451117041430691687796960220526521269280064511
368	0.0001571707039257749210946392931604487500962801736319016477868530789725682235225846256811257009322216259
369	0.0001571707516011233465766913341421155232951936183496208137519956374819406531853895988022511843344011736
370	0.000157170792315389535547300681821516361531185875402789892564306017404744777713825854339409114875483494
371	0.0001571708224517293485808313347980395189856439753836918487902994414536659272324062140572109312634385881
372	0.0001571708522243345786746106590382814949625183158272854523787179979188523649821041141358479564692993933
373	0.0001571708994768281488652498715984694056234615509673192885746637045814673077942758918401331960010594531
374	0.0001571709660013873939461544395308211916926992491139086862549266579898052059464281152745898723468484979
375	0.0001571709968559012716225821297152618054196026257163230029078497834150317099624730274296148466336282377
376	0.0001571710379736463373950280037616934798765427304039840985207161008777610044350557061158819368150508052
377	0.0001571710802671092522171706950160403039185600160827224045242974619449094522421573495405051280177716059
378	0.0001571710484591250450745024888745193769159691204671737302414892020176002064812997758087706865628061269
379	0.0001571711741424167779753420909389485920409632925377878248417826692866928625168693065079471623920379393
380	0.0001571711940064176983244243335168011372250053717810322874781518128702792276085871414464737942557644716
381	0.0001571712466730023706068394040143910939641964154422424245743699508792986910660303516007741149166572457
382	0.0001571713085053697693468686894477345017128010013830306101937689659499390692991151485846666355440914894
383	0.0001571712970517142984965502834681002202792465599513439004278786757788600310451725835562279669670211133
384	0.0001571713798120116752658245151400616962287401639781533052920909226905143025185808248871944249597819508
385	0.0001571713849558322665279525449223215495480555719151984635705671550049527273456398351957127942859631033
386	0.0001571714315176611319203827945852563484756756414308314261779577676964921352247557458147100563016052217
387	0.0001571714689067504548596911340726453481943056438959288326671611209814155193981309820861816390649201319
388	0.0001571715283427194589215376405104623397134861366157911143435611002361364764059649597526944852057936905
389	0.0001571715374344194030502013767009309873086201558736905312173278873369068599336471411482047035084007455
390	0.0001571716125697670676759029312445534093796777224335202006236650884290125624788842018138389913319233986
391	0.0001571716563034306448697507615071853338974431684130560876072628923057540240382508861587603441306940084
392	0.0001571716760005282426384992472818200918740126204747540306565605517642708031661612604710913010139481679
393	0.0001571716818694725425898946724731565217328690731949239631752489006113910028595075538313248635691614188
394	0.0001571717641934381970225377719458954664509017576495380332617950664477632571892100332240683233470542413
395	0.0001571717656377157208016270415217068928222059294702827691882789629038142301159623429575937061147979671
396	0.0001571718366437561599432980265201251227408696885028277602426715767101599447418728223153891227469155693
397	0.0001571718769639209104949028820351494853548227211389348793090179675988534460686212889544389387561987666
398	0.0001571719257152967924096113660043662939310237880121172000289993360963408655526786833560943606389825324
399	0.0001571719510527325712638906867088838208190926654619223713287109414192121342503017051141923298581831802
400	0.0001571719834145430135307572162846273185612362562100216435059116751225320688260177951807526632931840718